5559.459128 1.171819
5560.655605 0.061906
5561.675940 0.048033
5562.685264 0.064218
5563.695365 0.044906
5564.708486 0.042220
5565.718866 0.046058
5566.729356 0.043142
5567.739173 0.043229
5568.753055 0.040516
5569.764607 0.040320
5570.775645 0.039572
5571.785572 0.047587
5572.797175 0.043181
5573.808842 0.039578
5574.820726 0.037219
5575.835614 0.040612
5576.846049 0.037268
5577.857344 0.040179
5578.868508 0.041020
5579.877911 0.037145
5580.887185 0.040605
5581.898742 0.038585
5582.909186 0.042389
5583.920940 0.039351
5584.936219 0.036753
5585.946869 0.036058
5586.955850 0.036765
5587.965782 0.040110
5588.976154 0.033916
5589.985926 0.036379
5590.996872 0.034053
5592.006210 0.033143
5593.015925 0.039763
5594.027381 0.033673
5595.037986 0.035253
5596.047711 0.033742
5597.057407 0.035041
5598.067815 0.039736
5599.077508 0.033690
5600.088101 0.033271
5601.098600 0.037963
5602.110755 0.032818
5603.121446 0.036462
5604.133956 0.031677
5605.147400 0.031808
5606.160880 0.033614
5607.170797 0.031234
5608.177148 0.033455
5609.189562 0.031406
5610.201833 0.031189
5611.213762 0.032188
5612.227767 0.031432
5613.237439 0.031591
5614.247497 0.031485
5615.260698 0.031248
5616.271609 0.030591
5617.282178 0.034560
5618.294764 0.031029
5619.307760 0.031115
5620.319565 0.030907
5621.331988 0.030912
5622.342912 0.037656
5623.353362 0.033533
5624.366080 0.032241
5625.376633 0.030772
5626.387864 0.031655
5627.397414 0.033909
5628.410612 0.032557
5629.423736 0.030756
5630.437956 0.031209
5631.447610 0.031303
5632.457815 0.032347
5633.469952 0.030318
5634.479203 0.031066
5635.491162 0.030557
5636.501178 0.033391
5637.514703 0.033223
5638.529074 0.030972
5639.541613 0.032678
5640.553856 0.031147
5641.562575 0.032608
5642.572550 0.034087
5643.585531 0.031349
5644.601037 0.030753
5645.612324 0.030377
5646.621405 0.033491
5647.633999 0.032564
5648.647146 0.031401
5649.659165 0.031376
5650.669618 0.033115
5651.679493 0.030993
5652.691639 0.033050
5653.703969 0.031320
5654.717923 0.032052
5655.728773 0.033568
5656.741029 0.030769
5657.751727 0.032026
5658.763383 0.031391
5659.776125 0.031319
5660.785490 0.031898
5661.798208 0.032353
5662.810455 0.033351
5663.822891 0.031151
5664.833940 0.030862
5665.843244 0.032227
5666.855804 0.029678
5667.868504 0.032096
5668.882543 0.031401
5669.893276 0.033111
5670.905330 0.031190
5671.914911 0.030278
5672.926686 0.033428
5673.938705 0.030049
5674.947207 0.031719
5675.959922 0.030407
5676.970516 0.030384
5677.982774 0.032947
5678.996342 0.030215
5680.005889 0.030262
5681.016460 0.030234
5682.028873 0.031882
5683.039892 0.032403
5684.053802 0.033090
5685.066479 0.029968
5686.079690 0.031029
5687.092339 0.030010
5688.103200 0.030384
5689.112424 0.034473
5690.122165 0.031390
5691.131479 0.031345
5692.141672 0.031378
5693.152299 0.030735
5694.161961 0.031678
5695.173799 0.035976
5696.183700 0.030209
5697.194443 0.031501
5698.209432 0.035670
5699.219427 0.031892
5700.230593 0.031630
5701.241568 0.031414
5702.254313 0.030615
5703.264415 0.033813
5704.274755 0.030814
5705.287564 0.030806
5706.300438 0.031674
5707.313208 0.030645
5708.325333 0.033427
5709.337426 0.030800
5710.350193 0.031358
5711.363622 0.032310
5712.374975 0.030513
5713.385268 0.031661
5714.398704 0.031019
5715.409932 0.030627
5716.421682 0.030827
5717.433183 0.032402
5718.442641 0.030901
5719.452677 0.031151
5720.464813 0.029904
5721.475211 0.029500
5722.486078 0.033263
5723.495123 0.031517
5724.507893 0.030148
5725.521338 0.029801
5726.531395 0.030280
5727.542428 0.032313
5728.553718 0.031066
5729.565526 0.030687
5730.578597 0.031002
5731.590170 0.030015
5732.600308 0.032710
5733.611394 0.030645
5734.624363 0.030600
5735.637194 0.030368
5736.649466 0.029890
5737.659048 0.032582
5738.671658 0.030711
5739.684485 0.031696
5740.697957 0.030189
5741.707093 0.032569
5742.717061 0.033267
5743.727358 0.033850
5744.737466 0.032630
5745.748314 0.033862
5746.761732 0.032157
5747.770443 0.033127
5748.781052 0.031768
5749.791259 0.034602
5750.802518 0.033697
5751.813390 0.031393
5752.822810 0.031521
5753.833483 0.031519
5754.843009 0.031369
5755.852728 0.031586
5756.862066 0.036198
5757.871986 0.033493
5758.882547 0.034542
5759.894485 0.033386
5760.904549 0.034202
5761.914223 0.037820
5762.923887 0.036795
5763.934961 0.032777
5764.945202 0.037821
5765.955880 0.032739
5766.966625 0.031301
5767.976616 0.032116
5768.986982 0.031049
5769.995875 0.031884
5771.006682 0.031025
5772.015436 0.031121
5773.025254 0.032520
5774.035460 0.032706
5775.045714 0.030998
5776.056144 0.031381
5777.066724 0.032295
5778.076077 0.031345
5779.084731 0.034324
5780.094915 0.031915
5781.105428 0.031015
5782.114617 0.030951
5783.125950 0.033560
5784.135941 0.034942
5785.146095 0.031903
5786.158192 0.030508
5787.168688 0.030662
5788.179269 0.032481
5789.188454 0.032357
5790.199556 0.031169
5791.208991 0.031300
5792.218797 0.032088
5793.228664 0.032954
5794.238750 0.031050
5795.249175 0.034344
5796.258563 0.032301
5797.270115 0.030505
5798.280755 0.032683
5799.290893 0.030228
5800.301178 0.030625
5801.311044 0.031183
5802.321286 0.030554
5803.333537 0.030344
5804.347904 0.029746
5805.358737 0.030199
5806.368523 0.032001
5807.378822 0.031013
5808.392606 0.032652
5809.402781 0.030179
5810.412332 0.030978
5811.423078 0.043358
5812.433545 0.039034
5813.442765 0.033696
5814.452688 0.032797
5815.464575 0.035633
5816.483790 0.033920
5817.511238 0.032348
5818.520624 0.031899
5819.563944 0.031826
5820.574778 0.043617
5821.584953 0.035365
5822.606125 0.040490
5823.615094 0.033111
5824.655483 0.031735
5825.666408 0.034694
5826.676816 0.031528
5827.688770 0.035273
5828.727736 0.034084
5829.770588 0.031715
5830.782848 0.033651
5831.793226 0.033141
5832.803694 0.037247
5833.812790 0.039058
5834.824450 0.035959
5835.835176 0.038268
5836.845954 0.037969
5837.856699 0.036289
5838.872910 0.035425
5839.883533 0.038893
5840.893766 0.036105
5841.903456 0.036202
5842.928605 0.038435
5843.939367 0.035511
5844.949752 0.035543
5845.960300 0.035437
5846.973881 0.036915
5847.986794 0.040191
5848.996948 0.035641
5850.006906 0.037574
5851.017877 0.038722
5852.028498 0.036484
5853.037909 0.041552
5854.049513 0.037474
5855.059406 0.037257
5856.069561 0.035804
5857.082412 0.036712
5858.092260 0.043158
5859.102458 0.046397
5860.112737 0.045847
5861.123042 0.047980
5862.132276 0.041807
