13.677992523213334
13.614992523201863
13.816992523175031
13.712992523210232
13.749992523202081
13.629992523192414
13.624992523176616
14.104992523186866
13.92999252317395
13.791992523181307
13.783992523201505
13.737992523175535
13.822992523216726
13.760992523174309
13.722992523213406
13.665992523186787
13.674992523192486
13.848992523179504
13.811992523187655
14.069992523189967
13.965992523196746
14.049992523183619
14.078992523195666
14.4099925231842
14.145992523197037
13.805992523202804
13.755992523215355
13.730992523193208
13.981992523184772
14.106992523210238
14.068992523192492
14.197992523207859
14.092992523188741
14.019992523202518
14.082992523185567
14.139992523183764
15.137992523193589
14.352992523186003
14.052992523204466
13.994992523208794
13.951992523203671
14.395992523191126
14.089992523196315
13.938992523208071
14.08899252319884
13.892992523210523
14.466992523182398
14.002992523188595
13.847992523182029
13.9369925231847
14.010992523196819
14.297992523211178
14.00199252319112
14.08899252319884
13.978992523192346
13.8889925231922
14.603992523205989
14.11699252318499
13.935992523187224
14.12999252318059
13.774992523195806
14.83799252318363
13.96299252320432
13.976992523168974
13.865992523193427
13.746992523181234
13.81299252318513
13.851992523200352
13.780992523180657
13.678992523182387
13.62399252317914
13.644992523211386
13.768992523182533
13.71299252318181
13.705992523199484
13.711992523184335
13.859992523208575
13.765992523190107
13.772992523172434
13.922992523191624
13.830992523196528
13.992992523213843
14.069992523189967
13.720992523190034
13.74999252317366
13.750992523199557
13.780992523180657
13.833992523217375
13.68499252319566
13.74999252317366
13.711992523184335
13.742992523191333
13.764992523192632
13.867992523188377
13.604992523198689
13.71099252318686
13.635992523177265
13.828992523201578
13.828992523201578
13.69999252318621
13.730992523193208
13.745992523183759
13.837992523207276
13.849992523205401
13.711992523184335
13.722992523213406
13.71299252318181
13.946992523187873
13.98899252319552
13.815992523177556
13.787992523191406
13.781992523206554
13.709992523189385
13.612992523178491
13.72199252318751
13.691992523177987
13.635992523205687
13.672992523197536
13.668992523179213
14.222992523201583
13.8849925232023
14.049992523183619
13.770992523177483
14.116992523213412
13.948992523182824
13.968992523189172
14.00399252318607
13.89999252319285
14.01299252319177
14.020992523199993
13.8979925231979
14.152992523179364
14.147992523191988
14.040992523206342
13.928992523204897
13.92999252317395
14.073992523179868
13.958992523185998
14.121992523172366
13.658992523176039
13.909992523196024
13.948992523211245
13.946992523216295
14.011992523194294
1000000000000.0
14.232992523176335
14.115992523187515
14.061992523181743
14.083992523183042
13.813992523211027
13.83699252318138
14.050992523181094
14.145992523197037
14.126992523188164
13.882992523178928
13.856992523187728
13.914992523211822
14.183992523186362
14.108992523176767
13.9369925231847
13.847992523182029
13.764992523192632
13.769992523180008
13.908992523198549
13.876992523194076
13.73499252318311
13.787992523191406
13.709992523189385
13.770992523205905
13.71099252318686
13.651992523193712
13.666992523184263
13.655992523183613
13.875992523168179
13.70899252319191
13.732992523188159
13.737992523203957
14.044992523196242
13.782992523175608
13.74799252317871
13.62199252318419
13.66799252321016
13.81099252319018
13.832992523191479
13.696992523193785
13.74599252321218
13.692992523175462
13.680992523177338
13.792992523178782
13.72399252318246
13.659992523201936
13.741992523193858
13.890992523187151
13.832992523191479
13.716992523200133
13.773992523169909
14.000992523193645
13.930992523199848
13.881992523209874
13.749992523202081
13.798992523192055
13.714992523205183
14.137992523188814
13.83699252318138
13.867992523188377
13.729992523195733
13.702992523207058
13.696992523193785
13.64399252321391
13.766992523216004
13.68099252320576
13.714992523205183
13.775992523193281
13.794992523173732
14.128992523211537
14.153992523205261
13.861992523203526
13.714992523205183
13.719992523192559
13.828992523201578
13.84999252317698
13.768992523210954
13.792992523207204
13.82199252319083
14.05199252317857
13.793992523204679
13.99999252319617
13.983992523179722
13.845992523187078
13.726992523203307
13.736992523206482
13.843992523192128
13.809992523192705
13.789992523214778
13.651992523193712
13.700992523212108
13.778992523185707
13.850992523174455
13.761992523200206
13.747992523207131
13.726992523203307
13.751992523197032
13.918992523201723
13.68699252319061
14.100992523196965
13.767992523185058
13.805992523202804
13.763992523195157
13.706992523168537
13.972992523179073
13.824992523211677
13.942992523197972
14.061992523181743
13.922992523191624
13.89999252319285
13.723992523210882
13.709992523189385
13.82199252319083
13.877992523191551
13.80199252318448
13.704992523202009
13.665992523186787
13.719992523192559
13.718992523195084
13.77199252320338
13.751992523197032
13.701992523181161
13.775992523193281
14.021992523197468
13.759992523205256
14.046992523191193
14.176992523204035
14.830992523201303
14.83599252318868
14.509992523215942
14.679992523184637
14.674992523197261
14.592992523176918
14.280992523168834
14.386992523213848
15.098992523206789
14.597992523192715
14.654992523190913
14.338992523192928
13.995992523206269
14.309992523209303
13.883992523176403
13.937992523210596
14.147992523191988
14.162992523182538
13.911992523190975
13.843992523192128
13.945992523190398
13.902992523213697
14.068992523192492
14.175992523178138
14.046992523191193
13.911992523190975
13.86099252320605
13.741992523193858
13.820992523193354
14.05199252317857
14.146992523166091
14.349992523193578
14.069992523189967
13.861992523203526
13.844992523218025
13.725992523205832
13.715992523202658
13.676992523187437
13.756992523184408
13.885992523199775
13.815992523205978
13.790992523212253
13.732992523188159
13.727992523200783
13.69799252319126
13.741992523193858
13.732992523188159
13.835992523183904
13.698992523188736
13.864992523195951
13.816992523175031
13.817992523200928
13.78299252320403
13.690992523208934
13.745992523183759
14.104992523186866
13.879992523186502
13.802992523210378
13.703992523176112
13.73499252318311
13.858992523182678
13.730992523193208
13.745992523183759
13.728992523198258
13.648992523172865
13.922992523191624
13.720992523218456
13.70899252319191
13.827992523204102
13.741992523193858
14.039992523180445
13.758992523179359
13.746992523181234
13.688992523185561
13.579992523176543
13.815992523177556
13.752992523194507
13.547992523200492
13.655992523183613
13.650992523196237
13.924992523186575
13.816992523175031
13.653992523188663
13.68299252320071
13.592992523200564
13.614992523201863
1279.032992523213
1000000000000.0
1000000000000.0
1000000000000.0
1000000000000.0
1000000000000.0
1000000000000.0
1000000000000.0
1000000000000.0
1000000000000.0
1000000000000.0
1137.1529925231982
1000000000000.0
20.483992523196548
13.985992523203095
14.093992523186216
14.08899252319884
13.831992523194003
14.258992523195957
13.97599252319992
13.864992523195951
14.06099252321269
13.835992523212326
13.998992523198694
13.92599252318405
14.246992523197832
13.948992523182824
13.907992523201074
14.07599252320324
13.9019925231878
13.982992523210669
14.079992523193141
13.840992523199702
14.00399252318607
13.814992523208502
13.939992523177125
13.898992523195375
13.770992523177483
14.106992523210238
13.9149925231834
14.190992523168688
14.020992523199993
13.798992523192055
14.035992523190544
13.939992523205547
13.895992523174527
14.074992523205765
13.724992523208357
13.8589925232111
13.839992523173805
13.81499252318008
13.861992523203526
13.704992523173587
13.749992523202081
13.680992523177338
13.649992523198762
13.832992523191479
13.76099252320273
13.794992523202154
13.724992523208357
13.750992523199557
13.833992523188954
13.757992523181883
13.829992523199053
13.788992523188881
14.061992523210165
13.843992523192128
13.724992523179935
13.749992523202081
13.81299252318513
13.894992523205474
13.841992523197177
13.735992523209006
13.604992523170267
13.807992523169332
13.891992523184626
13.750992523199557
13.628992523194938
13.69399252320136
13.678992523182387
13.859992523208575
13.78499252319898
13.802992523210378
13.676992523187437
13.649992523198762
13.830992523168106
13.86099252320605
13.678992523182387
13.791992523209728
13.674992523192486
13.978992523192346
13.867992523188377
13.870992523180803
13.668992523207635
13.775992523193281
13.865992523193427
13.831992523194003
13.752992523194507
13.657992523206985
13.674992523192486
13.775992523193281
13.69999252318621
13.720992523190034
13.763992523195157
13.624992523205037
13.790992523212253
13.772992523200855
13.722992523213406
13.743992523188808
13.794992523173732
13.83699252318138
13.770992523177483
15.640992523202613
13.781992523178133
14.374992523187302
14.078992523195666
14.63599252318204
14.422992523208222
14.31899252318658
14.362992523189178
14.381992523169629
14.664992523194087
13.921992523194149
13.839992523202227
13.732992523188159
13.918992523173301
13.9109925231935
14.122992523198263
13.974992523174024
13.88299252320735
13.82199252319083
13.752992523194507
14.030992523203167
14.081992523188092
13.982992523210669
13.83899252317633
13.792992523207204
13.789992523186356
13.965992523196746
14.322992523176481
14.39499252319365
14.101992523222862
