104.18806129453628
1000000000000.0
1000000000000.0
1000000000000.0
122.22306129456229
1000000000000.0
1000000000000.0
1000000000000.0
1000000000000.0
95.14306129455008
1000000000000.0
1000000000000.0
1000000000000.0
130.17406129455367
1000000000000.0
1000000000000.0
1000000000000.0
1000000000000.0
1000000000000.0
89.97106129456256
1000000000000.0
1000000000000.0
1000000000000.0
84.12406129454553
1000000000000.0
1000000000000.0
111.94006129454692
1000000000000.0
1000000000000.0
1000000000000.0
1000000000000.0
66.16506129455502
1000000000000.0
153.4030612945685
1000000000000.0
1000000000000.0
1000000000000.0
1000000000000.0
1000000000000.0
1000000000000.0
62.11006129453267
1000000000000.0
152.90906129456516
1000000000000.0
1000000000000.0
62.22806129454739
1000000000000.0
90.81106129454497
1000000000000.0
1000000000000.0
1000000000000.0
135.21406129456182
1000000000000.0
1000000000000.0
1000000000000.0
1000000000000.0
1000000000000.0
106.77506129454173
1000000000000.0
1000000000000.0
1000000000000.0
117.81206129455768
1000000000000.0
1000000000000.0
1000000000000.0
1000000000000.0
98.36006129455654
1000000000000.0
1000000000000.0
1000000000000.0
70.56206129456655
1000000000000.0
1000000000000.0
1000000000000.0
1000000000000.0
88.616061294573
1000000000000.0
1000000000000.0
1000000000000.0
1000000000000.0
77.26806129457486
1000000000000.0
1000000000000.0
59.710061294538264
1000000000000.0
1000000000000.0
1000000000000.0
1000000000000.0
77.98106129456528
1000000000000.0
1000000000000.0
81.50706129455898
1000000000000.0
1000000000000.0
1000000000000.0
1000000000000.0
1000000000000.0
65.014061294562
1000000000000.0
104.96206129454322
1000000000000.0
1000000000000.0
1000000000000.0
150.3190612945673
1000000000000.0
1000000000000.0
1000000000000.0
1000000000000.0
1000000000000.0
1000000000000.0
74.427061294557
1000000000000.0
1000000000000.0
98.13706129455113
1000000000000.0
1000000000000.0
1000000000000.0
114.5040612945536
1000000000000.0
1000000000000.0
1000000000000.0
1000000000000.0
87.79906129456094
1000000000000.0
1000000000000.0
1000000000000.0
71.25606129454809
1000000000000.0
1000000000000.0
131.7540612945436
1000000000000.0
1000000000000.0
1000000000000.0
1000000000000.0
1000000000000.0
74.82506129454691
1000000000000.0
1000000000000.0
128.854061294561
1000000000000.0
1000000000000.0
1000000000000.0
1000000000000.0
1000000000000.0
69.60406129456942
1000000000000.0
1000000000000.0
116.27706129453941
1000000000000.0
1000000000000.0
1000000000000.0
1000000000000.0
85.45606129456473
1000000000000.0
1000000000000.0
117.97506129457247
1000000000000.0
1000000000000.0
1000000000000.0
1000000000000.0
133.21906129456806
1000000000000.0
1000000000000.0
1000000000000.0
1000000000000.0
1000000000000.0
68.47706129454423
1000000000000.0
1000000000000.0
79.19706129456472
1000000000000.0
1000000000000.0
134.26706129456534
1000000000000.0
1000000000000.0
1000000000000.0
1000000000000.0
1000000000000.0
78.10106129454653
1000000000000.0
1000000000000.0
134.61606129456527
1000000000000.0
1000000000000.0
1000000000000.0
1000000000000.0
1000000000000.0
83.42906129456651
1000000000000.0
1000000000000.0
141.8370612945523
1000000000000.0
1000000000000.0
1000000000000.0
1000000000000.0
1000000000000.0
91.58206129455948
1000000000000.0
1000000000000.0
1000000000000.0
76.84806129455524
1000000000000.0
1000000000000.0
1000000000000.0
1000000000000.0
67.99606129456492
1000000000000.0
1000000000000.0
121.38206129455398
1000000000000.0
1000000000000.0
1000000000000.0
1000000000000.0
78.06606129454963
1000000000000.0
1000000000000.0
139.31606129457919
1000000000000.0
1000000000000.0
1000000000000.0
1000000000000.0
1000000000000.0
82.6670612945577
1000000000000.0
1000000000000.0
132.61906129454815
1000000000000.0
1000000000000.0
1000000000000.0
1000000000000.0
1000000000000.0
114.72906129455396
1000000000000.0
1000000000000.0
1000000000000.0
1000000000000.0
37.84906129453702
128.8060612945401
1000000000000.0
1000000000000.0
1000000000000.0
1000000000000.0
1000000000000.0
113.54406129456152
1000000000000.0
1000000000000.0
1000000000000.0
1000000000000.0
77.18406129455957
1000000000000.0
1000000000000.0
120.5530612945438
1000000000000.0
1000000000000.0
1000000000000.0
1000000000000.0
81.91806129457291
1000000000000.0
1000000000000.0
151.96206129456868
1000000000000.0
1000000000000.0
1000000000000.0
1000000000000.0
1000000000000.0
1000000000000.0
84.47106129455051
1000000000000.0
1000000000000.0
88.39306129453917
1000000000000.0
1000000000000.0
1000000000000.0
77.97706129454696
1000000000000.0
1000000000000.0
1000000000000.0
1000000000000.0
1000000000000.0
60.468061294557174
1000000000000.0
137.0410612945534
1000000000000.0
1000000000000.0
1000000000000.0
1000000000000.0
1000000000000.0
116.59106129457086
1000000000000.0
153.51206129454908
1000000000000.0
1000000000000.0
63.47906129457215
1000000000000.0
86.0750612945651
1000000000000.0
1000000000000.0
1000000000000.0
1000000000000.0
1000000000000.0
1000000000000.0
52.01306129455929
1000000000000.0
127.72506129454086
1000000000000.0
1000000000000.0
1000000000000.0
1000000000000.0
1000000000000.0
68.96106129454438
1000000000000.0
1000000000000.0
110.3730612945526
1000000000000.0
1000000000000.0
1000000000000.0
1000000000000.0
108.19006129455033
1000000000000.0
1000000000000.0
1000000000000.0
1000000000000.0
102.34406129453077
1000000000000.0
1000000000000.0
1000000000000.0
79.32906129457251
1000000000000.0
1000000000000.0
133.37406129457463
1000000000000.0
1000000000000.0
1000000000000.0
1000000000000.0
1000000000000.0
88.39406129453664
1000000000000.0
1000000000000.0
1000000000000.0
74.75706129454807
1000000000000.0
1000000000000.0
138.57706129454073
1000000000000.0
1000000000000.0
1000000000000.0
1000000000000.0
1000000000000.0
113.73006129454666
1000000000000.0
1000000000000.0
1000000000000.0
1000000000000.0
69.97906129456055
1000000000000.0
1000000000000.0
120.939061294564
1000000000000.0
1000000000000.0
1000000000000.0
1000000000000.0
75.61106129455197
1000000000000.0
1000000000000.0
133.03206129455702
1000000000000.0
1000000000000.0
1000000000000.0
1000000000000.0
1000000000000.0
66.79106129456613
1000000000000.0
132.50106129456185
1000000000000.0
1000000000000.0
1000000000000.0
1000000000000.0
1000000000000.0
119.00806129455077
1000000000000.0
1000000000000.0
1000000000000.0
1000000000000.0
65.5560612945294
1000000000000.0
1000000000000.0
1000000000000.0
1000000000000.0
89.74106129457482
1000000000000.0
1000000000000.0
1000000000000.0
91.83006129455862
1000000000000.0
1000000000000.0
1000000000000.0
66.73206129454456
1000000000000.0
136.59706129456595
1000000000000.0
1000000000000.0
1000000000000.0
1000000000000.0
1000000000000.0
118.94206129454687
1000000000000.0
1000000000000.0
1000000000000.0
1000000000000.0
108.28206129454543
1000000000000.0
1000000000000.0
1000000000000.0
1000000000000.0
68.90306129457713
1000000000000.0
1000000000000.0
126.5190612945446
1000000000000.0
1000000000000.0
1000000000000.0
1000000000000.0
83.10406129456283
1000000000000.0
1000000000000.0
90.58606129457303
1000000000000.0
1000000000000.0
1000000000000.0
1000000000000.0
1000000000000.0
66.20206129454687
1000000000000.0
133.88506129456346
1000000000000.0
1000000000000.0
1000000000000.0
1000000000000.0
1000000000000.0
73.25706129455511
1000000000000.0
1000000000000.0
116.92006129453603
1000000000000.0
1000000000000.0
1000000000000.0
1000000000000.0
125.49606129456947
1000000000000.0
1000000000000.0
1000000000000.0
1000000000000.0
86.09006129455565
1000000000000.0
1000000000000.0
80.14306129456372
1000000000000.0
1000000000000.0
1000000000000.0
1000000000000.0
1000000000000.0
82.5090612945587
1000000000000.0
1000000000000.0
110.60906129455361
1000000000000.0
1000000000000.0
1000000000000.0
1000000000000.0
86.2540612945395
1000000000000.0
1000000000000.0
120.30306129457813
1000000000000.0
1000000000000.0
1000000000000.0
1000000000000.0
79.74906129456372
1000000000000.0
1000000000000.0
141.38106129456673
1000000000000.0
1000000000000.0
1000000000000.0
1000000000000.0
1000000000000.0
83.68506129454545
1000000000000.0
1000000000000.0
104.82206129455562
1000000000000.0
1000000000000.0
1000000000000.0
142.68406129454547
1000000000000.0
1000000000000.0
1000000000000.0
1000000000000.0
1000000000000.0
83.24306129455294
