13.713992523207708
14.250992523216155
13.589992523179717
13.69299252314704
14.008992523201869
13.78499252319898
14.154992523174315
13.762992523197681
13.678992523182387
13.696992523193785
13.655992523183613
14.271992523163135
13.732992523159737
13.679992523179862
13.82199252321925
13.742992523191333
13.962992523147477
13.759992523205256
13.674992523192486
13.778992523214129
13.732992523159737
13.842992523166231
14.574992523193941
13.918992523201723
13.83899252317633
13.751992523225454
13.742992523191333
13.79199252323815
13.768992523182533
13.792992523178782
13.774992523224228
13.755992523158511
13.688992523213983
13.738992523201432
13.614992523173441
13.605992523196164
13.655992523183613
13.685992523221557
13.485992523214918
13.596992523162044
13.564992523185992
13.575992523215064
13.585992523189816
13.507992523216217
13.625992523202513
13.602992523203739
347.70099252318687
1000000000000.0
1000000000000.0
1000000000000.0
1000000000000.0
1000000000000.0
1000000000000.0
214.79399252319809
331.2899925231818
1000000000000.0
1000000000000.0
18.812992523180583
13.991992523187946
14.152992523179364
13.84799252321045
13.828992523201578
13.829992523199053
13.707992523222856
13.771992523231802
13.764992523249475
13.710992523158438
13.73099252322163
13.834992523186429
13.832992523191479
13.737992523203957
13.75699252321283
13.777992523216653
1000000000000.0
13.763992523195157
13.907992523172652
13.888992523163779
13.717992523197609
13.791992523181307
13.821992523162407
13.933992523163852
13.807992523197754
13.757992523210305
13.885992523171353
13.895992523202949
13.909992523167602
13.762992523140838
13.673992523195011
13.642992523216435
13.795992523171208
13.761992523200206
13.841992523168756
13.738992523201432
13.84799252321045
13.858992523239522
13.776992523219178
13.787992523191406
13.750992523227978
13.880992523183977
13.790992523183832
13.792992523178782
13.63499252317979
13.680992523177338
13.772992523229277
13.8459925232155
13.727992523229204
13.764992523192632
13.70699252322538
13.789992523186356
13.733992523157212
13.762992523197681
13.60899252318859
13.654992523186138
13.775992523221703
13.872992523204175
13.680992523177338
13.818992523226825
13.742992523191333
13.681992523231656
13.853992523195302
13.833992523188954
13.961992523206845
14.511992523239314
14.266992523175759
14.280992523197256
14.201992523226181
14.201992523226181
13.844992523218025
13.904992523180226
13.776992523162335
14.223992523170637
14.063992523176694
13.932992523166376
14.067992523166595
13.912992523216872
13.829992523199053
13.919992523199198
13.959992523155051
14.180992523165514
13.891992523213048
13.87399252320165
13.804992523205328
13.763992523195157
14.13199252317554
13.944992523192923
13.818992523169982
13.828992523201578
13.739992523198907
13.764992523192632
13.976992523225817
13.827992523204102
13.756992523155986
13.968992523189172
14.001992523219542
13.80899252319523
13.805992523202804
13.733992523214056
13.682992523172288
13.835992523183904
13.765992523190107
13.778992523157285
13.644992523211386
13.627992523197463
13.853992523195302
13.752992523222929
13.659992523173514
13.722992523184985
13.734992523211531
13.831992523194003
13.83699252318138
13.86299252317258
13.678992523182387
13.683992523226607
13.870992523209225
13.791992523181307
13.807992523197754
13.69999252318621
13.670992523202585
13.844992523218025
13.741992523193858
13.766992523187582
13.720992523190034
13.637992523229059
13.794992523173732
13.773992523226752
13.823992523214201
13.647992523203811
13.590992523234036
13.84399252322055
13.781992523149711
14.09999252319949
13.768992523182533
13.773992523226752
13.854992523192777
13.770992523234327
13.921992523194149
13.776992523219178
13.809992523192705
13.920992523196674
13.795992523228051
13.783992523201505
13.640992523164641
13.73299252321658
13.924992523186575
13.856992523187728
13.904992523180226
13.755992523158511
13.609992523186065
13.714992523205183
13.66999252320511
13.83899252317633
13.776992523219178
13.612992523178491
13.788992523188881
13.652992523191188
13.785992523139612
13.683992523169763
13.731992523219105
13.84399252322055
13.824992523211677
13.781992523206554
13.644992523211386
13.699992523243054
13.826992523206627
13.69799252319126
13.719992523192559
13.570992523170844
13.614992523230285
13.767992523185058
13.69799252319126
13.665992523215209
13.622992523153243
13.602992523203739
13.799992523161109
13.8419925232256
13.829992523199053
13.74799252317871
13.594992523167093
13.821992523162407
13.617992523165867
13.868992523214274
13.818992523169982
13.711992523212757
13.885992523171353
13.849992523205401
13.822992523216726
13.682992523172288
13.676992523187437
13.828992523201578
13.683992523169763
13.774992523224228
13.703992523176112
13.631992523187364
13.84399252322055
13.69299252314704
13.76099252320273
13.69299252314704
13.577992523210014
13.839992523230649
13.74799252317871
13.770992523177483
13.612992523235334
13.612992523178491
13.787992523191406
13.790992523183832
13.8759925231966
13.769992523180008
14.22599252322243
13.835992523183904
13.8719925232067
13.90899252322697
13.774992523167384
13.680992523177338
13.850992523202876
13.68899252315714
13.609992523186065
13.720992523190034
13.592992523172143
13.853992523195302
13.705992523171062
13.833992523188954
13.69999252318621
13.612992523178491
13.833992523188954
13.739992523198907
13.799992523217952
13.705992523171062
13.602992523203739
13.798992523220477
13.66099252317099
13.755992523215355
13.630992523189889
13.60899252318859
13.856992523244571
13.798992523163633
13.837992523178855
13.705992523227906
13.683992523169763
13.828992523144734
13.673992523195011
13.819992523167457
13.715992523202658
346.5429925231547
1000000000000.0
152.3489925231729
1000000000000.0
20.725992523182413
20.203992523192937
13.689992523211458
13.685992523221557
13.774992523224228
13.750992523171135
13.888992523220622
13.698992523245579
13.672992523197536
13.84099252317128
13.74999252317366
13.805992523202804
13.703992523232955
13.685992523164714
13.907992523172652
13.745992523183759
13.861992523175104
13.683992523226607
13.64599252320886
13.86499252316753
13.762992523197681
13.942992523197972
13.719992523192559
13.595992523164568
13.865992523221848
13.804992523205328
13.8459925232155
13.737992523203957
13.655992523183613
13.877992523191551
13.815992523177556
13.790992523183832
13.821992523162407
13.706992523168537
13.723992523239303
13.778992523157285
13.81299252318513
13.616992523225235
13.649992523198762
13.73299252321658
13.623992523207562
13.796992523168683
13.696992523193785
13.663992523163415
13.95599252316515
13.776992523162335
13.816992523175031
13.707992523166013
13.661992523168465
13.736992523206482
13.619992523160818
13.75199252316861
14.054992523199417
14.137992523160392
14.442992523186149
14.309992523180881
14.482992523198845
14.417992523192424
13.796992523225526
13.914992523211822
13.880992523183977
13.9019925231878
13.871992523149856
13.926992523238368
14.134992523167966
13.86899252315743
13.918992523201723
13.82199252321925
14.149992523186938
14.10199252319444
13.874992523199126
13.898992523195375
13.776992523219178
13.75399252316356
14.212992523198409
13.8979925231979
13.833992523188954
13.750992523227978
13.640992523221485
13.761992523200206
13.856992523187728
13.898992523195375
13.783992523201505
14.015992523184195
14.175992523234981
13.873992523144807
13.86499252316753
13.690992523208934
13.640992523221485
13.915992523209297
13.867992523216799
13.905992523177702
13.855992523190253
13.709992523160963
14.10199252319444
13.823992523157358
13.870992523209225
13.728992523169836
13.644992523211386
13.852992523140983
13.72899252322668
13.81799252322935
13.691992523206409
13.598992523213838
13.93499252321817
13.792992523178782
13.75899252320778
13.674992523192486
13.63299252318484
14.031992523200643
13.796992523168683
13.807992523197754
13.727992523172361
13.557992523203666
14.141992523207136
13.708992523163488
13.774992523167384
13.652992523248031
13.659992523230358
14.114992523218461
13.886992523168828
13.8979925231979
13.8199925232243
13.763992523195157
13.865992523221848
13.768992523182533
13.733992523214056
13.714992523205183
13.624992523205037
13.947992523185349
13.705992523171062
13.742992523191333
13.798992523220477
13.874992523199126
14.159992523218534
13.764992523192632
13.852992523197827
13.636992523231584
13.594992523167093
14.10199252319444
13.711992523212757
13.780992523209079
13.735992523209006
13.616992523225235
14.108992523176767
13.76099252320273
13.825992523209152
13.851992523200352
13.712992523210232
14.177992523173089
13.815992523177556
13.859992523236997
13.698992523188736
13.715992523202658
14.133992523170491
13.713992523207708
13.715992523202658
13.69999252318621
13.620992523158293
14.109992523174242
13.714992523205183
13.752992523222929
13.710992523215282
13.626992523199988
14.156992523169265
13.72199252318751
13.74999252317366
13.686992523219033
13.55299252321629
14.015992523184195
13.863992523226898
13.971992523181598
13.949992523180299
13.735992523209006
14.270992523222503
13.846992523156132
13.941992523200497
13.811992523244498
13.816992523175031
14.258992523195957
13.908992523170127
13.920992523196674
13.841992523168756
13.763992523195157
14.27299252316061
13.861992523175104
13.912992523160028
13.755992523215355
13.75699252321283
14.178992523170564
13.852992523197827
13.858992523182678
13.837992523235698
13.859992523180154
