begin_time ET
4470.24 0.037513
4470.27 0.027878
4470.3 0.025771
4470.33 0.025017
4470.35 0.023945
4470.38 0.024507
4470.4 0.023859
4470.43 0.023358
4470.45 0.022412
4470.47 0.022229
4470.49 0.02204
4470.52 0.022245
4470.54 0.021348
4470.56 0.021672
4470.58 0.023985
4470.6 0.021198
4470.63 0.021659
4470.65 0.021939
4470.67 0.020933
4470.69 0.021694
4470.71 0.021726
4470.73 0.021001
4470.75 0.021761
4470.78 0.023288
4470.8 0.02201
4470.82 0.020969
4470.84 0.02164
4470.86 0.021557
4470.89 0.020985
4470.91 0.021499
4470.93 0.02154
4470.95 0.020904
4470.97 0.021509
4470.99 0.021333
4471.01 0.021103
4471.04 0.021566
4471.06 0.021539
4471.08 0.02102
4471.1 0.021487
4471.12 0.021371
4471.14 0.020746
4471.16 0.021645
4471.18 0.021389
4471.21 0.02076
4471.23 0.021245
4471.25 0.021517
4471.27 0.021153
4471.29 0.021162
4471.31 0.021359
4471.33 0.021256
4471.35 0.021135
4471.38 0.021049
4471.4 0.0209
4471.42 0.021002
4471.44 0.021011
4471.46 0.020946
4471.48 0.02097
4471.5 0.020945
4471.52 0.020933
4471.54 0.020998
4471.56 0.020912
4471.59 0.020956
4471.61 0.020856
4471.63 0.020955
4471.65 0.021149
4471.67 0.020846
4471.69 0.020814
4471.71 0.020783
4471.73 0.020797
4471.75 0.020932
4471.77 0.021059
4471.8 0.020872
4471.82 0.020844
4471.84 0.020956
4471.86 0.020792
4471.88 0.020844
4471.9 0.021415
4471.92 0.021445
4471.94 0.020554
4471.96 0.020015
4471.98 0.020091
4472 0.020357
4472.02 0.020198
4472.04 0.019987
4472.06 0.020226
4472.08 0.02079
4472.1 0.020384
4472.13 0.020285
4472.15 0.020839
4472.17 0.020306
4472.19 0.020322
4472.21 0.020436
4472.23 0.020539
4472.25 0.020866
4472.27 0.020591
4472.29 0.020387
4472.31 0.020467
4472.33 0.020525
4472.35 0.020384
4472.37 0.020398
4472.39 0.020882
4472.41 0.020375
4472.43 0.020384
4472.45 0.020382
4472.47 0.020385
4472.49 0.02091
4472.52 0.020344
4472.54 0.020302
4472.56 0.020333
4472.58 0.020479
4472.6 0.020315
4472.62 0.02077
4472.64 0.020457
4472.66 0.020901
4472.68 0.020507
4472.7 0.02055
4472.72 0.020521
4472.74 0.020441
4472.76 0.020337
4472.78 0.020817
4472.8 0.020328
4472.82 0.020458
4472.84 0.020415
4472.86 0.020454
4472.88 0.020274
4472.9 0.020832
4472.93 0.020441
4472.95 0.022606
4472.97 0.023044
4472.99 0.021066
4473.01 0.020924
4473.03 0.021115
4473.05 0.020854
4473.08 0.020805
4473.1 0.021048
4473.12 0.021295
4473.14 0.020948
4473.16 0.021029
4473.18 0.020485
4473.2 0.020905
4473.22 0.020908
4473.24 0.020732
4473.26 0.02089
4473.28 0.021186
4473.31 0.020254
4473.33 0.020925
4473.35 0.020895
4473.37 0.020282
4473.39 0.020852
4473.41 0.020888
4473.43 0.020268
4473.45 0.020796
4473.47 0.020831
4473.49 0.020072
4473.51 0.020724
4473.53 0.0206
4473.55 0.020191
4473.57 0.020617
4473.59 0.020521
4473.61 0.020257
4473.64 0.020626
4473.66 0.020154
4473.68 0.020807
4473.7 0.020866
4473.72 0.020042
4473.74 0.020975
4473.76 0.020896
4473.78 0.020143
4473.8 0.020761
4473.82 0.020655
4473.84 0.020075
4473.86 0.020671
4473.88 0.020683
4473.9 0.020103
4473.92 0.020793
4473.94 0.021264
4473.96 0.020759
4473.99 0.021365
4474.01 0.021244
4474.03 0.020858
4474.05 0.021378
4474.07 0.021532
4474.09 0.02139
4474.11 0.021475
4474.14 0.021348
4474.16 0.021402
4474.18 0.02158
4474.2 0.021398
4474.22 0.021389
4474.24 0.021553
4474.26 0.021448
4474.29 0.020942
4474.31 0.021792
4474.33 0.021446
4474.35 0.020934
4474.37 0.021485
4474.39 0.021728
4474.41 0.020995
4474.43 0.021544
4474.46 0.021319
4474.48 0.021369
4474.5 0.021552
4474.52 0.021535
4474.54 0.020927
4474.56 0.021953
4474.58 0.021435
4474.61 0.020857
4474.63 0.021444
4474.65 0.02146
4474.67 0.021255
4474.69 0.021438
4474.71 0.021411
4474.73 0.020704
4474.76 0.021828
4474.78 0.021341
4474.8 0.020914
4474.82 0.022723
4474.84 0.021824
4474.86 0.020967
4474.88 0.021371
4474.91 0.023103
4474.93 0.020831
4474.95 0.020925
4474.97 0.020755
4474.99 0.021158
4475.01 0.020917
4475.03 0.020839
4475.05 0.020782
4475.08 0.021047
4475.1 0.020937
4475.12 0.02106
4475.14 0.020943
4475.16 0.020913
4475.18 0.020866
4475.2 0.020957
4475.22 0.020891
4475.24 0.02093
4475.26 0.020967
4475.29 0.021059
4475.31 0.020919
4475.33 0.02099
4475.35 0.020953
4475.37 0.020859
4475.39 0.020996
4475.41 0.021022
4475.43 0.020877
4475.45 0.020975
4475.47 0.020919
4475.49 0.020979
4475.52 0.020958
4475.54 0.021095
4475.56 0.021089
4475.58 0.021
4475.6 0.020962
4475.62 0.02098
4475.64 0.020946
4475.66 0.023796
4475.69 0.021087
4475.71 0.021048
4475.73 0.020911
4475.75 0.02093
4475.77 0.021159
4475.79 0.021304
4475.81 0.020991
4475.83 0.021017
4475.86 0.021363
4475.88 0.021051
4475.9 0.021011
4475.92 0.023137
4475.94 0.021304
4475.96 0.021097
4475.98 0.020998
4476.01 0.020914
4476.03 0.020878
4476.05 0.02097
4476.07 0.021391
4476.09 0.020989
4476.11 0.020978
4476.13 0.020982
4476.15 0.021296
4476.17 0.020921
4476.19 0.020969
4476.22 0.020855
4476.24 0.021065
4476.26 0.02123
4476.28 0.020836
4476.3 0.020881
4476.32 0.020817
4476.34 0.021179
4476.36 0.020864
4476.38 0.021836
4476.41 0.022894
4476.43 0.021065
4476.45 0.021152
4476.47 0.020793
4476.49 0.020939
4476.51 0.020925
4476.53 0.021015
4476.55 0.021338
4476.58 0.021018
4476.6 0.022453
4476.62 0.020978
4476.64 0.020954
4476.66 0.02102
4476.68 0.021051
4476.7 0.023143
4476.73 0.021204
4476.75 0.020884
4476.77 0.020789
4476.79 0.022256
4476.81 0.020929
4476.83 0.020823
4476.85 0.020818
4476.87 0.02089
4476.9 0.020879
4476.92 0.023299
4476.94 0.020949
4476.96 0.020897
4476.98 0.020891
4477 0.020968
4477.02 0.020929
4477.04 0.020885
4477.07 0.020854
4477.09 0.020922
4477.11 0.020766
4477.13 0.022362
4477.15 0.020849
4477.17 0.020874
4477.19 0.02085
4477.21 0.020766
4477.23 0.020789
4477.25 0.020816
4477.28 0.02102
4477.3 0.021165
4477.32 0.020984
4477.34 0.020976
4477.36 0.02094
4477.38 0.020853
4477.4 0.021022
4477.42 0.020993
4477.44 0.021082
4477.46 0.021041
4477.49 0.021083
4477.51 0.020998
4477.53 0.021004
4477.55 0.021048
4477.57 0.02098
4477.59 0.020947
4477.61 0.021026
4477.63 0.020937
4477.65 0.020916
4477.67 0.02346
4477.7 0.021171
4477.72 0.021115
4477.74 0.021052
4477.76 0.021325
4477.78 0.021036
4477.8 0.020976
4477.82 0.023871
4477.85 0.020948
4477.87 0.023518
4477.89 0.020986
4477.91 0.021254
4477.94 0.021102
4477.96 0.023734
4477.98 0.021546
4478 0.021049
4478.02 0.022077
4478.04 0.021683
4478.07 0.020852
4478.09 0.02301
4478.11 0.021521
4478.13 0.020821
4478.15 0.021398
4478.17 0.021855
4478.2 0.020928
4478.22 0.0215
4478.24 0.02167
4478.26 0.021679
4478.28 0.021013
4478.3 0.021976
4478.33 0.021624
4478.35 0.020946
4478.37 0.021597
4478.39 0.021808
4478.41 0.02103
4478.43 0.021618
4478.45 0.021985
4478.48 0.02098
4478.5 0.021506
4478.52 0.021382
4478.54 0.021436
4478.56 0.021499
4478.58 0.021084
4478.6 0.02095
4478.62 0.020943
4478.65 0.020815
4478.67 0.020867
4478.69 0.020928
4478.71 0.020878
4478.73 0.021077
4478.75 0.02095
4478.77 0.020976
4478.79 0.021018
4478.81 0.020995
4478.83 0.021009
4478.86 0.020998
4478.88 0.020837
4478.9 0.020784
4478.92 0.020917
4478.94 0.020847
4478.96 0.020851
4478.98 0.021084
4479 0.0209
4479.02 0.020896
4479.04 0.020905
4479.06 0.020827
4479.09 0.020812
4479.11 0.02096
4479.13 0.020959
4479.15 0.02096
4479.17 0.02325
4479.19 0.021115
4479.21 0.02102
4479.23 0.020985
4479.26 0.020988
4479.28 0.020999
4479.3 0.020963
4479.32 0.020943
4479.34 0.021014
4479.36 0.020885
4479.38 0.020938
4479.4 0.020849
4479.42 0.020829
4479.44 0.020938
4479.47 0.021308
4479.49 0.020867
4479.51 0.020894
4479.53 0.020995
4479.55 0.020858
4479.57 0.020816
4479.59 0.021004
4479.61 0.021218
4479.63 0.02086
4479.65 0.020809
4479.67 0.020902
4479.7 0.021097
4479.72 0.021062
4479.74 0.020961
4479.76 0.021398
4479.78 0.021106
4479.8 0.020869
4479.82 0.021149
4479.84 0.020854
4479.86 0.020829
4479.89 0.020856
4479.91 0.021475
4479.93 0.021029
4479.95 0.020959
4479.97 0.021026
4479.99 0.02096
4480.01 0.021178
4480.03 0.020999
4480.05 0.021048
4480.07 0.021404
4480.1 0.021135
4480.12 0.020963
4480.14 0.021199
4480.16 0.020906
4480.18 0.020904
4480.2 0.020889
4480.22 0.020967
4480.24 0.021445
4480.26 0.02094
4480.29 0.020886
4480.31 0.020929
4480.33 0.021367
4480.35 0.021018
4480.37 0.020946
4480.39 0.020988
4480.41 0.021427
4480.43 0.021098
4480.45 0.021007
4480.48 0.021025
4480.5 0.021007
4480.52 0.021388
4480.54 0.021171
4480.56 0.023319
4480.58 0.021099
4480.6 0.021405
4480.63 0.021174
4480.65 0.021596
4480.67 0.022525
4480.69 0.021
4480.71 0.021037
4480.73 0.020995
4480.75 0.020948
4480.78 0.020941
4480.8 0.02144
4480.82 0.020898
4480.84 0.020779
4480.86 0.020759
4480.88 0.020859
4480.9 0.020832
4480.92 0.021099
4480.94 0.020852
4480.96 0.020916
4480.98 0.020782
4481.01 0.021187
4481.03 0.020913
4481.05 0.021046
4481.07 0.020958
4481.09 0.02089
4481.11 0.020982
4481.13 0.02347
4481.16 0.021242
4481.18 0.020989
4481.2 0.020946
4481.22 0.021315
4481.24 0.021048
4481.26 0.022296
4481.28 0.022912
4481.31 0.020465
4481.33 0.020441
4481.35 0.020946
4481.37 0.02037
4481.39 0.020324
4481.41 0.020763
4481.43 0.020417
4481.45 0.020367
4481.47 0.020782
4481.49 0.020795
4481.51 0.020358
4481.53 0.020323
4481.55 0.020749
4481.57 0.020306
4481.59 0.020387
4481.61 0.020824
4481.64 0.020356
4481.66 0.020332
4481.68 0.020382
4481.7 0.020417
4481.72 0.020315
4481.74 0.020392
4481.76 0.020451
4481.78 0.020452
4481.8 0.023879
4481.82 0.020552
4481.84 0.020463
4481.86 0.020389
4481.88 0.020467
4481.9 0.020726
4481.92 0.020334
4481.95 0.020404
4481.97 0.020438
4481.99 0.02048
4482.01 0.020798
4482.03 0.020801
4482.05 0.020357
4482.07 0.020224
4482.09 0.020968
4482.11 0.020382
4482.13 0.02085
4482.15 0.020505
4482.17 0.020785
4482.19 0.020225
4482.21 0.020287
4482.23 0.021166
4482.25 0.020245
4482.27 0.020329
4482.29 0.020351
4482.32 0.020754
4482.34 0.020815
4482.36 0.020525
4482.38 0.020594
4482.4 0.020294
4482.42 0.020353
4482.44 0.020703
4482.46 0.020234
4482.48 0.020515
4482.5 0.02067
4482.52 0.020288
4482.54 0.020276
4482.56 0.020681
4482.58 0.020603
4482.6 0.02037
4482.62 0.021094
4482.64 0.020446
4482.66 0.020274
4482.68 0.020507
4482.71 0.020777
4482.73 0.020286
4482.75 0.020355
4482.77 0.020432
4482.79 0.021027
4482.81 0.020477
4482.83 0.020269
4482.85 0.020412
4482.87 0.020325
4482.89 0.020239
4482.91 0.020313
4482.93 0.022505
4482.95 0.020382
4482.97 0.020302
4482.99 0.020333
4483.01 0.020675
4483.03 0.020259
4483.06 0.02028
4483.08 0.020538
4483.1 0.020436
4483.12 0.020488
4483.14 0.020432
4483.16 0.020262
4483.18 0.020307
4483.2 0.020395
4483.22 0.020336
4483.24 0.020461
4483.26 0.020359
4483.28 0.020245
4483.3 0.020332
4483.32 0.020293
4483.34 0.020384
4483.36 0.02041
4483.38 0.020938
4483.4 0.020981
4483.42 0.020506
4483.44 0.02048
4483.46 0.020504
4483.48 0.020437
4483.51 0.020381
4483.53 0.020314
4483.55 0.020218
4483.57 0.020243
4483.59 0.020507
4483.61 0.020617
4483.63 0.020483
4483.65 0.020542
4483.67 0.0205
4483.69 0.020453
4483.71 0.020518
4483.73 0.020385
4483.75 0.020351
4483.77 0.020422
4483.79 0.020344
4483.81 0.022391
4483.83 0.020319
4483.85 0.020327
4483.87 0.020335
4483.9 0.020414
4483.92 0.020358
4483.94 0.020393
4483.96 0.020424
4483.98 0.020476
4484 0.020378
4484.02 0.020339
4484.04 0.020536
4484.06 0.020467
4484.08 0.020452
4484.1 0.020468
4484.12 0.020399
4484.14 0.020375
4484.16 0.020445
4484.18 0.021191
4484.2 0.02043
4484.22 0.020849
4484.24 0.020462
4484.26 0.020419
4484.28 0.020812
4484.31 0.02038
4484.33 0.020426
4484.35 0.020823
4484.37 0.020373
4484.39 0.020394
4484.41 0.020861
4484.43 0.020512
4484.45 0.020454
4484.47 0.020376
4484.49 0.02082
4484.51 0.020452
4484.53 0.020555
4484.55 0.021315
4484.57 0.020958
4484.59 0.020405
4484.61 0.020411
4484.64 0.020933
4484.66 0.020355
4484.68 0.020247
4484.7 0.020643
4484.72 0.020354
4484.74 0.020382
4484.76 0.022896
4484.78 0.020395
4484.8 0.020358
4484.82 0.020433
4484.84 0.020663
4484.86 0.020609
4484.88 0.020386
4484.9 0.020413
4484.92 0.020441
4484.95 0.020392
4484.97 0.020363
4484.99 0.020544
4485.01 0.020298
4485.03 0.020415
4485.05 0.020385
4485.07 0.020562
4485.09 0.020383
4485.11 0.02048
4485.13 0.020411
4485.15 0.020416
4485.17 0.020393
4485.19 0.020406
4485.21 0.020373
4485.23 0.020481
4485.25 0.020411
4485.27 0.020503
4485.29 0.020386
4485.31 0.02029
4485.33 0.020319
4485.35 0.020357
4485.37 0.020411
4485.39 0.020291
4485.41 0.020374
4485.44 0.020496
4485.46 0.022529
4485.48 0.020448
4485.5 0.02051
4485.52 0.020539
4485.54 0.020812
4485.56 0.020363
4485.58 0.020389
4485.6 0.020288
4485.62 0.020272
4485.64 0.020785
4485.66 0.020418
4485.68 0.02057
4485.7 0.020406
4485.72 0.020464
4485.74 0.020539
4485.77 0.020622
4485.79 0.020572
4485.81 0.020528
4485.83 0.020903
4485.85 0.022252
4485.87 0.020354
4485.89 0.020262
4485.91 0.020302
4485.93 0.020728
4485.95 0.020277
4485.97 0.020247
4485.99 0.02049
4486.01 0.02043
4486.03 0.020347
4486.05 0.020317
4486.07 0.020829
4486.09 0.020293
4486.12 0.020321
4486.14 0.02037
4486.16 0.020379
4486.18 0.020401
4486.2 0.020829
4486.22 0.020383
4486.24 0.020372
4486.26 0.020362
4486.28 0.02039
4486.3 0.020413
4486.32 0.020909
4486.34 0.020362
4486.36 0.020272
4486.38 0.020184
4486.4 0.020299
4486.42 0.022326
4486.44 0.020951
4486.46 0.020887
4486.49 0.02082
4486.51 0.020862
4486.53 0.021331
4486.55 0.020853
4486.57 0.02128
4486.59 0.021078
4486.61 0.020893
4486.63 0.021289
4486.65 0.021177
4486.68 0.021097
4486.7 0.020971
4486.72 0.02104
4486.74 0.021325
4486.76 0.02091
4486.78 0.020992
4486.8 0.021065
4486.82 0.021016
4486.84 0.020979
4486.87 0.021106
4486.89 0.021057
4486.91 0.020957
4486.93 0.023094
4486.95 0.020938
4486.97 0.020913
4486.99 0.021032
4487.01 0.021449
4487.04 0.020959
4487.06 0.020925
4487.08 0.020999
4487.1 0.021067
4487.12 0.020949
4487.14 0.020993
4487.16 0.021044
4487.18 0.02089
4487.2 0.020808
4487.22 0.02087
4487.25 0.0209
4487.27 0.020973
4487.29 0.02097
4487.31 0.021195
4487.33 0.020857
4487.35 0.020858
4487.37 0.020967
4487.39 0.021322
4487.41 0.021026
4487.43 0.021068
4487.46 0.020988
4487.48 0.020939
4487.5 0.020883
4487.52 0.021327
4487.54 0.021097
4487.56 0.021072
4487.58 0.021007
4487.6 0.021368
4487.62 0.021088
4487.65 0.021122
4487.67 0.020912
4487.69 0.020941
4487.71 0.021363
4487.73 0.020845
4487.75 0.020842
4487.77 0.020849
4487.79 0.021107
4487.81 0.020862
4487.83 0.020814
4487.86 0.020981
4487.88 0.021186
4487.9 0.02085
4487.92 0.02088
4487.94 0.02128
4487.96 0.020883
4487.98 0.021183
4488 0.021071
4488.02 0.021182
4488.05 0.021471
4488.07 0.021309
4488.09 0.023386
4488.11 0.021079
4488.13 0.023494
4488.16 0.021085
4488.18 0.020951
4488.2 0.02095
4488.22 0.020811
4488.24 0.021187
4488.26 0.020891
4488.28 0.020937
4488.3 0.02097
4488.32 0.020887
4488.34 0.020853
4488.37 0.020858
4488.39 0.020917
4488.41 0.020871
4488.43 0.02131
4488.45 0.020872
4488.47 0.022292
4488.49 0.020876
4488.51 0.020944
4488.53 0.022269
4488.56 0.021155
4488.58 0.021461
4488.6 0.021257
4488.62 0.021168
4488.64 0.021078
4488.66 0.021671
4488.68 0.021017
4488.71 0.021181
4488.73 0.021492
4488.75 0.021005
4488.77 0.022904
4488.79 0.021436
4488.81 0.020983
4488.83 0.021176
4488.86 0.020933
4488.88 0.021169
4488.9 0.020944
4488.92 0.021309
4488.94 0.02087
4488.96 0.02103
4488.98 0.021008
4489 0.021099
4489.02 0.021522
4489.05 0.020947
4489.07 0.020971
4489.09 0.021409
4489.11 0.020965
4489.13 0.020985
4489.15 0.021009
4489.17 0.021483
4489.19 0.020939
4489.21 0.020987
4489.24 0.021364
4489.26 0.02096
4489.28 0.021067
4489.3 0.021113
4489.32 0.021512
4489.34 0.021319
4489.36 0.020856
4489.38 0.02084
4489.41 0.020973
4489.43 0.02095
4489.45 0.020886
4489.47 0.020945
4489.49 0.020894
4489.51 0.020856
4489.53 0.020849
4489.55 0.020882
4489.57 0.021212
4489.59 0.020995
4489.61 0.021199
4489.64 0.020962
4489.66 0.020953
4489.68 0.020971
4489.7 0.021577
4489.72 0.021019
4489.74 0.020884
4489.76 0.02084
4489.78 0.020867
4489.8 0.020821
4489.82 0.020863
4489.85 0.0209
4489.87 0.02101
4489.89 0.020994
4489.91 0.021053
4489.93 0.020998
4489.95 0.021059
4489.97 0.02107
4489.99 0.021019
4490.01 0.021004
4490.04 0.02099
4490.06 0.020932
4490.08 0.020992
4490.1 0.021111
4490.12 0.02104
4490.14 0.02103
4490.16 0.020929
4490.18 0.020973
4490.2 0.021018
4490.22 0.021015
4490.25 0.021034
4490.27 0.021008
4490.29 0.021008
4490.31 0.02091
4490.33 0.020996
4490.35 0.020945
4490.37 0.021062
4490.39 0.020966
4490.41 0.021336
4490.43 0.021022
4490.46 0.021062
4490.48 0.021051
4490.5 0.020983
4490.52 0.020955
4490.54 0.021312
4490.56 0.020994
4490.58 0.021016
4490.6 0.020977
4490.62 0.022853
4490.65 0.021883
4490.67 0.020938
4490.69 0.021343
4490.71 0.021064
4490.73 0.023138
4490.76 0.021472
4490.78 0.02133
4490.8 0.020979
4490.82 0.020928
4490.84 0.020976
4490.86 0.02095
4490.88 0.021401
4490.9 0.020976
4490.92 0.021012
4490.95 0.02098
4490.97 0.02149
4490.99 0.02094
4491.01 0.020998
4491.03 0.020969
4491.05 0.020967
4491.07 0.021391
4491.09 0.021115
4491.11 0.020921
4491.14 0.020934
4491.16 0.020831
4491.18 0.021277
4491.2 0.020798
4491.22 0.020825
4491.24 0.020853
4491.26 0.021078
4491.28 0.020987
4491.3 0.020858
4491.32 0.02086
4491.35 0.021223
4491.37 0.020856
4491.39 0.020916
4491.41 0.020785
4491.43 0.020848
4491.45 0.020882
4491.47 0.020857
4491.49 0.020896
4491.51 0.020883
4491.53 0.020819
4491.55 0.020963
4491.58 0.020787
4491.6 0.021103
4491.62 0.023098
4491.64 0.021161
4491.66 0.021174
4491.68 0.021018
4491.7 0.020888
4491.72 0.021233
4491.75 0.020789
4491.77 0.020865
4491.79 0.020871
4491.81 0.020934
4491.83 0.020918
4491.85 0.020951
4491.87 0.02096
4491.89 0.020995
4491.91 0.020932
4491.93 0.020908
4491.96 0.020958
4491.98 0.02096
4492 0.021125
4492.02 0.020887
4492.04 0.020884
4492.06 0.020942
4492.08 0.021022
4492.1 0.020994
4492.12 0.020984
4492.14 0.021017
4492.16 0.020954
4492.19 0.020973
4492.21 0.021005
4492.23 0.022269
4492.25 0.022414
4492.27 0.021161
4492.29 0.021186
4492.32 0.02291
4492.34 0.020991
4492.36 0.021054
4492.38 0.021049
4492.4 0.020987
4492.42 0.021065
4492.44 0.020974
4492.46 0.020985
4492.49 0.020887
4492.51 0.020948
4492.53 0.020999
4492.55 0.02095
4492.57 0.023093
4492.59 0.020947
4492.61 0.023197
4492.64 0.020985
4492.66 0.020972
4492.68 0.020999
4492.7 0.02102
4492.72 0.021015
4492.74 0.02102
4492.76 0.020451
4492.78 0.020501
4492.8 0.020474
4492.82 0.020335
4492.84 0.0205
4492.86 0.020356
4492.89 0.020473
4492.91 0.020779
4492.93 0.020862
4492.95 0.020326
4492.97 0.020452
4492.99 0.020369
4493.01 0.02047
4493.03 0.02045
4493.05 0.020869
4493.07 0.02043
4493.09 0.020518
4493.11 0.020378
4493.13 0.020409
4493.15 0.020373
4493.17 0.020322
4493.19 0.020432
4493.21 0.020845
4493.23 0.020387
4493.25 0.020319
4493.27 0.020278
4493.3 0.020239
4493.32 0.020387
4493.34 0.02032
4493.36 0.020335
4493.38 0.020445
4493.4 0.020388
4493.42 0.020361
4493.44 0.020455
4493.46 0.020319
4493.48 0.020423
4493.5 0.020399
4493.52 0.020276
4493.54 0.020491
4493.56 0.020374
4493.58 0.020407
4493.6 0.020475
4493.62 0.020614
4493.64 0.020382
4493.66 0.02031
4493.68 0.020405
4493.7 0.020372
4493.72 0.02036
4493.74 0.020775
4493.76 0.020569
4493.79 0.020328
4493.81 0.020374
4493.83 0.020448
4493.85 0.020356
4493.87 0.020325
4493.89 0.020393
4493.91 0.020496
4493.93 0.020414
4493.95 0.020414
4493.97 0.020373
4493.99 0.020473
4494.01 0.020441
4494.03 0.020361
4494.05 0.020402
4494.07 0.020365
4494.09 0.020482
4494.11 0.020397
4494.13 0.020431
4494.15 0.020392
4494.17 0.02053
4494.19 0.020355
4494.21 0.020335
4494.23 0.020297
4494.25 0.021833
4494.28 0.020457
4494.3 0.020391
4494.32 0.02034
4494.34 0.020427
4494.36 0.02041
4494.38 0.020323
4494.4 0.02053
4494.42 0.020327
4494.44 0.020299
4494.46 0.02042
4494.48 0.020368
4494.5 0.020324
4494.52 0.020567
4494.54 0.020357
4494.56 0.020396
4494.58 0.020526
4494.6 0.020353
4494.62 0.020367
4494.64 0.020372
4494.66 0.021136
4494.69 0.021517
4494.71 0.020269
4494.73 0.020288
4494.75 0.020373
4494.77 0.020375
4494.79 0.020331
4494.81 0.020372
4494.83 0.020413
4494.85 0.02035
4494.87 0.020389
4494.89 0.020319
4494.91 0.02034
4494.93 0.020351
4494.95 0.022266
4494.97 0.020489
4494.99 0.020348
4495.01 0.020377
4495.04 0.020315
4495.06 0.020338
4495.08 0.020412
4495.1 0.020485
4495.12 0.020421
4495.14 0.020321
4495.16 0.020305
4495.18 0.020297
4495.2 0.020281
4495.22 0.020299
4495.24 0.020265
4495.26 0.020293
4495.28 0.020263
4495.3 0.0203
4495.32 0.022212
4495.34 0.020335
4495.36 0.020463
4495.38 0.02026
4495.4 0.020215
4495.42 0.020258
4495.44 0.021759
4495.47 0.020239
4495.49 0.020418
4495.51 0.020288
4495.53 0.020218
4495.55 0.020269
4495.57 0.022698
4495.59 0.0205
4495.61 0.02063
4495.63 0.020607
4495.65 0.020583
4495.67 0.020466
4495.69 0.020535
4495.71 0.020481
4495.73 0.020476
4495.75 0.020462
4495.77 0.020422
4495.8 0.020453
4495.82 0.020513
4495.84 0.020423
4495.86 0.02049
4495.88 0.020495
4495.9 0.020383
4495.92 0.020446
4495.94 0.020352
4495.96 0.022555
4495.98 0.02039
4496 0.020517
4496.02 0.020375
4496.04 0.020354
4496.06 0.020379
4496.08 0.020452
4496.1 0.020468
4496.12 0.020424
4496.15 0.020431
4496.17 0.020369
4496.19 0.020403
4496.21 0.020397
4496.23 0.02045
4496.25 0.020365
4496.27 0.020472
4496.29 0.020433
4496.31 0.020405
4496.33 0.020321
4496.35 0.020389
4496.37 0.02027
4496.39 0.020375
4496.41 0.020339
4496.43 0.020376
4496.45 0.020416
4496.47 0.020334
4496.49 0.020563
4496.51 0.020482
4496.53 0.020489
4496.55 0.020371
4496.57 0.02041
4496.59 0.020393
4496.61 0.020369
4496.64 0.021609
4496.66 0.020389
4496.68 0.020354
4496.7 0.020312
4496.72 0.020331
4496.74 0.020351
4496.76 0.020357
4496.78 0.020287
4496.8 0.020257
4496.82 0.020233
4496.84 0.020291
4496.86 0.020283
4496.88 0.020276
4496.9 0.020275
4496.92 0.020324
4496.94 0.020235
4496.96 0.020303
4496.98 0.020284
4497 0.020326
4497.02 0.022187
4497.04 0.020455
4497.07 0.020769
4497.09 0.020872
4497.11 0.020392
4497.13 0.020566
4497.15 0.020424
4497.17 0.021903
4497.19 0.020486
4497.21 0.020381
4497.23 0.020403
4497.25 0.020392
4497.27 0.020461
4497.29 0.020357
4497.31 0.020358
4497.33 0.02036
4497.35 0.020328
4497.37 0.020428
4497.39 0.020524
4497.41 0.020501
4497.44 0.020431
4497.46 0.020517
4497.48 0.020455
4497.5 0.02065
4497.52 0.020398
4497.54 0.020487
4497.56 0.020682
4497.58 0.02027
4497.6 0.02033
4497.62 0.020821
4497.64 0.02035
4497.66 0.020299
4497.68 0.020745
4497.7 0.020361
4497.72 0.020382
4497.74 0.022763
4497.77 0.02031
4497.79 0.020467
4497.81 0.020389
4497.83 0.020756
4497.85 0.020537
4497.87 0.020484
4497.89 0.020438
4497.91 0.020864
4497.93 0.020477
4497.95 0.020399
4497.97 0.020424
4497.99 0.020964
4498.01 0.020406
4498.03 0.020415
4498.05 0.02041
4498.07 0.020902
4498.09 0.020603
4498.12 0.020324
4498.14 0.020743
4498.16 0.020346
4498.18 0.020415
4498.2 0.020878
4498.22 0.020443
4498.24 0.020506
4498.26 0.020861
4498.28 0.020429
4498.3 0.020557
4498.32 0.020419
4498.34 0.020447
4498.36 0.020463
4498.38 0.020318
4498.4 0.02046
4498.42 0.02044
4498.44 0.020455
4498.46 0.020353
4498.48 0.020506
4498.5 0.020454
4498.53 0.020398
4498.55 0.020411
4498.57 0.020345
4498.59 0.020306
4498.61 0.020364
4498.63 0.020381
4498.65 0.020676
4498.67 0.022647
4498.69 0.020541
4498.71 0.020394
4498.73 0.020333
4498.75 0.020323
4498.77 0.020273
4498.79 0.020232
4498.81 0.020327
4498.83 0.020292
4498.85 0.020446
4498.87 0.020449
4498.89 0.020392
4498.92 0.020301
4498.94 0.020286
4498.96 0.020518
4498.98 0.020431
4499 0.020418
4499.02 0.020337
4499.04 0.02036
4499.06 0.020348
4499.08 0.02037
4499.1 0.020433
4499.12 0.02038
4499.14 0.020354
4499.16 0.02032
4499.18 0.020324
4499.2 0.020965
4499.22 0.020336
4499.24 0.020289
4499.26 0.02041
4499.28 0.020465
4499.3 0.020541
4499.32 0.020565
4499.34 0.020693
4499.37 0.020358
4499.39 0.020471
4499.41 0.020492
4499.43 0.020585
4499.45 0.020456
4499.47 0.020523
4499.49 0.020463
4499.51 0.020337
4499.53 0.020401
4499.55 0.020411
4499.57 0.020483
4499.59 0.023
4499.61 0.020305
4499.63 0.020396
4499.65 0.020408
4499.67 0.020381
4499.69 0.020955
4499.72 0.020488
4499.74 0.020365
4499.76 0.020416
4499.78 0.020524
4499.8 0.020898
4499.82 0.022128
4499.84 0.020495
4499.86 0.020475
4499.88 0.020425
4499.9 0.020417
4499.92 0.020456
4499.94 0.020827
4499.96 0.020491
4499.98 0.020381
4500 0.020456
4500.03 0.020842
4500.05 0.020522
4500.07 0.020391
4500.09 0.020431
4500.11 0.020726
4500.13 0.020398
4500.15 0.020832
4500.17 0.020423
4500.19 0.020501
4500.21 0.020431
4500.23 0.02034
4500.25 0.022901
4500.27 0.020394
4500.29 0.020441
4500.32 0.020356
4500.34 0.020835
4500.36 0.02049
4500.38 0.020403
4500.4 0.020462
4500.42 0.020492
4500.44 0.020407
4500.46 0.020405
4500.48 0.020991
4500.5 0.020336
4500.52 0.020405
4500.54 0.02039
4500.56 0.020363
4500.58 0.020356
4500.6 0.02093
4500.62 0.02041
4500.64 0.020347
4500.66 0.020443
4500.68 0.020597
4500.7 0.020652
4500.73 0.020246
4500.75 0.020283
4500.77 0.020202
4500.79 0.020716
4500.81 0.020325
4500.83 0.020745
4500.85 0.020424
4500.87 0.020559
4500.89 0.02221
4500.91 0.020462
4500.93 0.020534
4500.95 0.020598
4500.97 0.020475
4500.99 0.020466
4501.01 0.020499
4501.03 0.020428
4501.06 0.020411
4501.08 0.020537
4501.1 0.020464
4501.12 0.020548
4501.14 0.020485
4501.16 0.020461
4501.18 0.020312
4501.2 0.020403
4501.22 0.020576
4501.24 0.020421
4501.26 0.020388
4501.28 0.020443
4501.3 0.020445
4501.32 0.020444
4501.34 0.020483
4501.36 0.020412
4501.38 0.020475
4501.4 0.020381
4501.42 0.020389
4501.44 0.020422
4501.46 0.02041
4501.48 0.020497
4501.51 0.022601
4501.53 0.020643
4501.55 0.020419
