 begin_time ET success?
 1955.454601  1.160824 1 
 1956.615450  1.001024 1 
 1957.616479  1.147558 1 
 1958.764045  1.535728 1 
 1960.299779  1.123812 1 
 1961.423596  1.065161 1 
 1962.488767  1.121276 1 
 1963.610052  0.952922 1 
 1964.562979  0.744710 1 
 1965.307697  0.968624 1 
 1966.276327  1.257044 1 
 1967.533376  1.323756 1 
 1968.857137  1.731376 1 
 1970.588527  0.566395 1 
 1971.154939  1.007618 1 
 1972.162564  1.206688 1 
 1973.369259  1.270544 1 
 1974.639817  1.406262 1 
 1976.046094  1.084418 1 
 1977.130523  1.563671 1 
 1978.694202  1.009657 1 
 1979.703865  0.791984 1 
 1980.495858  0.833596 1 
 1981.329465  0.658800 1 
 1981.988277  1.287053 1 
 1983.275335  1.019137 1 
 1984.294477  0.815738 1 
 1985.110221  0.786092 1 
 1985.896319  0.611139 1 
 1986.507463  1.310732 1 
 1987.818200  0.929061 1 
 1988.747269  1.046364 1 
 1989.793640  0.793870 1 
 1990.587515  0.966821 1 
 1991.554342  0.739453 1 
 1992.293801  1.236381 1 
 1993.530189  0.963885 1 
 1994.494080  0.851807 1 
 1995.345894  0.929267 1 
 1996.275166  0.750225 1 
 1997.025402  0.772746 1 
 1997.798154  0.822501 1 
 1998.620664  1.745097 1 
 2000.365770  1.004349 1 
 2001.370127  0.724058 1 
 2002.094196  1.443653 1 
 2003.537863  1.007247 1 
 2004.545118  0.973593 1 
 2005.518720  0.963329 1 
 2006.482055  1.143027 1 
 2007.625091  1.335773 1 
 2008.960870  0.816893 1 
 2009.777768  1.329272 1 
 2011.107048  1.159823 1 
 2012.266882  1.041013 1 
 2013.307900  1.014510 1 
 2014.322416  1.143783 1 
 2015.466205  1.112110 1 
 2016.578321  0.637783 1 
 2017.216109  0.873642 1 
 2018.089766  0.913343 1 
 2019.003116  0.681694 1 
 2019.684819  1.327678 1 
 2021.012502  1.046251 1 
 2022.058759  1.000774 1 
 2023.059542  0.902610 1 
 2023.962160  0.614938 1 
 2024.577108  1.114133 1 
 2025.691269  1.062051 1 
 2026.753331  0.948743 1 
 2027.702082  1.319772 1 
 2029.021865  0.915906 1 
 2029.937777  1.242277 1 
 2031.180061  1.019469 1 
 2032.199536  1.109509 1 
 2033.309051  1.299174 1 
 2034.608236  1.072296 1 
 2035.680537  1.302211 1 
 2036.982757  0.769485 1 
 2037.752247  1.103065 1 
 2038.855320  1.198872 1 
 2040.054200  0.890238 1 
 2040.944444  1.777363 1 
 2042.721818  0.723315 1 
 2043.445147  1.017571 1 
 2044.462724  0.986000 1 
 2045.448730  0.851867 1 
 2046.300603  1.827028 1 
 2048.127639  0.893460 1 
 2049.021110  0.755100 1 
 2049.776215  1.555321 1 
 2051.331542  0.924017 1 
 2052.255567  1.079128 1 
 2053.334707  0.877331 1 
 2054.212045  1.065841 1 
 2055.277894  0.946273 1 
 2056.224183  1.226817 1 
 2057.451007  1.053080 1 
 2058.504093  1.132795 1 
 2059.636898  1.875784 1 
 2061.512694  1.075053 1 
 2062.587756  1.448472 1 
 2064.036238  1.164531 1 
 2065.200774  1.016704 1 
 2066.217485  0.803836 1 
 2067.021331  0.973015 1 
 2067.994353  1.065025 1 
 2069.059384  1.110066 1 
 2070.169459  0.857987 1 
 2071.027461  1.404951 1 
 2072.432420  1.481132 1 
 2073.913560  1.075882 1 
 2074.989448  1.243549 1 
 2076.233002  1.057858 1 
 2077.290865  0.644494 1 
 2077.935365  1.217140 1 
 2079.152516  0.884837 1 
 2080.037363  0.783421 1 
 2080.820790  0.961749 1 
 2081.782547  0.524492 1 
 2082.307044  1.095252 1 
 2083.402308  0.744079 1 
 2084.146395  0.697844 1 
 2084.844245  1.105029 1 
 2085.949280  0.893046 1 
 2086.842332  1.618194 1 
 2088.460532  1.033648 1 
 2089.494184  1.835852 1 
 2091.330045  0.889167 1 
 2092.219224  1.220982 1 
 2093.440213  1.387117 1 
 2094.827337  0.949755 1 
 2095.777104  1.228632 1 
 2097.005742  0.886474 1 
 2097.892223  0.842105 1 
 2098.734336  0.716299 1 
 2099.450642  0.672583 1 
 2100.123231  0.938446 1 
 2101.061684  1.402795 1 
 2102.464485  0.649626 1 
 2103.114120  1.110546 1 
 2104.224672  0.652350 1 
 2104.877029  0.801761 1 
 2105.678796  1.265717 1 
 2106.944521  0.961730 1 
 2107.906262  1.398696 1 
 2109.304966  0.544929 1 
 2109.849904  1.015940 1 
 2110.865851  1.028433 1 
 2111.894291  0.529633 1 
 2112.423933  0.620172 1 
 2113.044131  1.101783 1 
 2114.145920  0.700722 1 
 2114.846647  0.757060 1 
 2115.603713  0.351647 1 
 2115.955365  0.626901 1 
 2116.582272  0.808746 1 
 2117.391049  0.604006 1 
 2117.995172  0.842786 1 
 2118.837964  0.666383 1 
 2119.504353  0.550274 1 
 2120.054633  0.599403 1 
 2120.654043  0.715221 1 
 2121.369269  0.423649 1 
 2121.792924  0.807768 1 
 2122.600698  1.104049 1 
 2123.704753  0.576377 1 
 2124.281137  1.068590 1 
 2125.349735  0.844929 1 
 2126.194669  0.508147 1 
 2126.702826  0.851434 1 
 2127.554268  0.545261 1 
 2128.099540  0.435026 1 
 2128.534578  0.651508 1 
 2129.186092  1.034168 1 
 2130.220266  0.546647 1 
 2130.766919  0.936478 1 
 2131.703402  0.884141 1 
 2132.587550  0.816895 1 
 2133.404451  0.555165 1 
 2133.959626  1.110502 1 
 2135.070133  0.421547 1 
 2135.491686  0.583182 1 
 2136.074874  1.242685 1 
 2137.317565  1.070545 1 
 2138.388117  1.068194 1 
 2139.456318  0.592051 1 
 2140.048379  0.797987 1 
 2140.846374  1.005240 1 
 2141.851622  0.813264 1 
 2142.664896  1.147905 1 
 2143.812807  0.985520 1 
 2144.798333  0.796743 1 
 2145.595081  0.632685 1 
 2146.227772  0.482145 1 
 2146.709922  0.827845 1 
 2147.537775  1.750714 1 
 2149.288497  0.808582 1 
 2150.097084  0.768802 1 
 2150.865893  0.726578 1 
