2678.15 1311878144 0.089968334 0.108823
2678.260684 1311878144 0.093293457 0.1094
2678.3711 1311878144 0.089326031 0.104381
2678.476592 1311878144 0.085780802 0.099508
2678.577129 1311878144 0.08334001 0.097332
2678.675585 1311878144 0.089398512 0.104545
2678.781717 1311878144 0.087244295 0.101865
2678.884765 1311878144 0.084647272 0.098688
2678.984639 1311878144 0.080819117 0.094381
2679.080196 1311878144 0.084438238 0.098713
2679.179943 1311878144 0.08312867 0.09664
2679.277699 1311878144 0.076644929 0.089977
2679.368679 1311878144 0.082820399 0.0961
2679.466025 1311878144 0.080805132 0.095369
2679.562451 1311878144 0.084754829 0.100832
2679.664364 1311878144 0.080949457 0.094982
2679.760462 1311878144 0.077935646 0.091983
2679.853497 1311878144 0.074267371 0.087621
2679.942219 1311878144 0.074126244 0.087453
2680.03082 1311878144 0.074532024 0.088518
2680.120475 1311878144 0.076516377 0.090766
2680.212378 1311878144 0.074394001 0.087857
2680.301279 1311878144 0.079794041 0.093265
2680.395586 1311878144 0.078592543 0.092115
2680.488769 1311878144 0.075870361 0.089525
2680.579363 1311878144 0.070113728 0.083533
2680.664052 1311878144 0.075789076 0.088893
2680.754347 1311878144 0.084731528 0.100907
2680.856377 1311878144 0.086423003 0.099729
2680.957171 1311878144 0.079163128 0.092871
2681.051171 1311878144 0.078915724 0.092779
2681.145084 1311878144 0.079334241 0.092941
2681.239157 1311878144 0.07649471 0.090371
2681.330586 1311878144 0.076696352 0.090332
2681.421938 1311878144 0.076258474 0.090097
2681.513139 1311878144 0.081425479 0.096252
2681.610531 1311878144 0.07302686 0.087381
2681.699218 1311878144 0.083416518 0.099055
2681.799497 1311878144 0.0823252 0.096034
2681.896673 1311878144 0.080642399 0.096549
2681.99426 1311878144 0.078032063 0.091384
2682.086648 1311878144 0.079595115 0.093224
2682.181024 1311878144 0.085156027 0.099408
2682.281679 1311878144 0.182516841 0.196514
2682.479254 1311878144 0.177697437 0.191143
2682.671553 1311878144 0.178072812 0.194774
2682.867316 1311878144 0.175886913 0.191771
2683.060225 1311878144 0.182800019 0.196453
2683.257755 1311878144 0.181750495 0.195349
2683.454174 1311878144 0.180635305 0.194593
2683.649979 1311878144 0.180757738 0.19528
2683.846354 1311878144 0.182894995 0.196604
2684.044157 1311878144 0.177297346 0.190639
2684.23611 1311878144 0.176701124 0.192619
2684.429797 1311878144 0.167397439 0.180865
2684.611666 1311878144 0.174960076 0.188069
2684.801085 1311878144 0.163514909 0.177459
2684.979625 1311878144 0.173675885 0.186932
2685.16772 1311878144 0.169873748 0.183346
2685.352217 1311878144 0.173198581 0.186329
2685.539683 1311878144 0.172548852 0.188678
2685.729506 1311878144 0.167267953 0.180601
2685.911389 1311878144 0.162757141 0.17892
2686.091333 1311878144 0.168754265 0.181889
2686.274303 1311878144 0.156775089 0.170061
2686.445468 1311878144 0.165694436 0.179279
2686.626829 1311878144 0.161900679 0.175276
2686.803145 1311878144 0.156674185 0.169829
2686.974156 1311878144 0.156088781 0.17017
2687.145444 1311878144 0.154093868 0.167251
2687.313888 1311878144 0.15374553 0.166872
2687.481881 1311878144 0.154570562 0.167729
2687.650876 1311878144 0.148713986 0.162046
2687.813958 1311878144 0.143927865 0.159761
2687.974892 1311878144 0.141538341 0.154872
2688.130865 1311878144 0.15292939 0.166054
2688.298032 1311878144 0.14197593 0.154865
2688.453933 1311878144 0.138826241 0.152037
2688.607005 1311878144 0.137723401 0.151
2688.759071 1311878144 0.137081321 0.151661
2688.911869 1311878144 0.133469785 0.148483
2689.061477 1311878144 0.131287471 0.146211
2689.208849 1311878144 0.12469643 0.137946
2689.347878 1311878144 0.135291985 0.148065
2689.497024 1311878144 0.130585997 0.144311
2689.642457 1311878144 0.129699102 0.142523
2689.78601 1311878144 0.127421968 0.142129
2689.929207 1311878144 0.126601512 0.139058
2690.069389 1311878144 0.123081021 0.136754
2690.207271 1311878144 0.119913123 0.132567
2690.340918 1311878144 0.117329765 0.12962
2690.471906 1311878144 0.119461293 0.134115
2690.607178 1311878144 0.111103764 0.123602
2690.731819 1311878144 0.10929414 0.122147
2690.855078 1311878144 0.111709169 0.124627
2690.980831 1311878144 0.11370261 0.12608
2691.107987 1311878144 0.105511749 0.118222
2691.227394 1311878144 0.102606168 0.115001
2691.343456 1311878144 0.101075469 0.113135
2691.457748 1311878144 0.099654536 0.112546
2691.571368 1311878144 0.096550897 0.109974
2691.682466 1311878144 0.106185315 0.118495
2691.801965 1311878144 0.098974597 0.111327
2691.914471 1311878144 0.104193954 0.116666
2692.032306 1311878144 0.099281172 0.111686
2692.145159 1311878144 0.096890367 0.109374
2692.255682 1311878144 0.096761625 0.10944
2692.366292 1311878144 0.093334579 0.106053
2692.473358 1311878144 0.096764825 0.109102
2692.583716 1311878144 0.093129288 0.105499
2692.690382 1311878144 0.097262671 0.109757
2692.801273 1311878144 0.094367971 0.106688
2692.909138 1311878144 0.098336195 0.112539
2693.022895 1311878144 0.092158776 0.104684
2693.128883 1311878144 0.093657056 0.106351
2693.23641 1311878144 0.096805305 0.109532
2693.347022 1311878144 0.0956328 0.108528
2693.456738 1311878144 0.098526636 0.110978
2693.568777 1311878144 0.098896798 0.11152
2693.681368 1311878144 0.097270125 0.109727
2693.792264 1311878144 0.099769894 0.112212
2693.905526 1311878144 0.101771528 0.114347
2694.020991 1311878144 0.09630051 0.108796
2694.131372 1311878144 0.096359201 0.109887
2694.242271 1311878144 0.098788375 0.111152
2694.354637 1311878144 0.099874348 0.112227
2694.468122 1311878144 0.09959539 0.112154
2694.58137 1311878144 0.107846957 0.120782
2694.703414 1311878144 0.105817449 0.11803
2694.822552 1311878144 0.106299552 0.118803
2694.942902 1311878144 0.100642222 0.113365
2695.057332 1311878144 0.098738226 0.111361
2695.169806 1311878144 0.09883455 0.111504
2695.282327 1311878144 0.09589412 0.108264
2695.391761 1311878144 0.097282859 0.109922
2695.502719 1311878144 0.099446709 0.112011
2695.615707 1311878144 0.095362509 0.108569
2695.725371 1311878144 0.098084816 0.110442
2695.836901 1311878144 0.09845181 0.11073
2695.948786 1311878144 0.097159748 0.109398
2696.059249 1311878144 0.098918105 0.111431
2696.171793 1311878144 0.094928247 0.107337
2696.280139 1311878144 0.097536918 0.110721
2696.391967 1311878144 0.094720877 0.107426
2696.500516 1311878144 0.096414143 0.108949
2696.610461 1311878144 0.093993576 0.106588
2696.718206 1311878144 0.091102524 0.1036
2696.822889 1311878144 0.094299478 0.106663
2696.930588 1311878144 0.094074988 0.106324
2697.03809 1311878144 0.096652968 0.108965
2697.148262 1311878144 0.10288287 0.115523
2697.264911 1311878144 0.096071276 0.1088
2697.374829 1311878144 0.101021083 0.113653
2697.48959 1311878144 0.098563204 0.11163
2697.602348 1311878144 0.099946214 0.11309
2697.717063 1311878144 0.097005431 0.110402
2697.828702 1311878144 0.09943918 0.113554
2697.943277 1311878144 0.094650341 0.107318
2698.051661 1311878144 0.100305911 0.112777
2698.165672 1311878144 0.099368105 0.11208
2698.278728 1311878144 0.097827679 0.110132
2698.389931 1311878144 0.098351416 0.1109
2698.501893 1311878144 0.097805054 0.109828
2698.612822 1311878144 0.097823516 0.110003
2698.723943 1311878144 0.099185598 0.111701
2698.836868 1311878144 0.10224485 0.114583
2698.952583 1311878144 0.100567905 0.113081
2699.066763 1311878144 0.096221455 0.108687
2699.176622 1311878144 0.100556289 0.113237
2699.290919 1311878144 0.107052475 0.12023
2699.412417 1311878144 0.110877076 0.123403
2699.536886 1311878144 0.1041051 0.116542
2699.654539 1311878144 0.097015955 0.109666
2699.765324 1311878144 0.096979921 0.109447
2699.875878 1311878144 0.10472932 0.117338
2699.994266 1311878144 0.109817822 0.122387
2700.117741 1311878144 0.105943874 0.118201
2700.237028 1311878144 0.111711545 0.12422
2700.362225 1311878144 0.11469361 0.127412
2700.490762 1311878144 0.107146429 0.120013
2700.611796 1311878144 0.108686981 0.121278
2700.734181 1311878144 0.116077866 0.128593
2700.863926 1311878144 0.11620776 0.128999
2700.994115 1311878144 0.114394073 0.127674
2701.122941 1311878144 0.11459757 0.127185
2701.251188 1311878144 0.135628058 0.150417
2701.40278 1311878144 0.120973206 0.134046
2701.537889 1311878144 0.122650663 0.135676
2701.674857 1311878144 0.117784697 0.130738
2701.806807 1311878144 0.120492956 0.134087
2701.941922 1311878144 0.127613429 0.140434
2702.08371 1311878144 0.130277397 0.143919
2702.228745 1311878144 0.12939905 0.142381
2702.372305 1311878144 0.141025052 0.154094
2702.527439 1311878144 0.130237522 0.143159
2702.671649 1311878144 0.140004167 0.153283
2702.825831 1311878144 0.122832394 0.135904
2702.96284 1311878144 0.129287362 0.142307
2703.106169 1311878144 0.129606129 0.142777
2703.250046 1311878144 0.133928194 0.146666
2703.397752 1311878144 0.133609778 0.146517
2703.545346 1311878144 0.136252721 0.150234
2703.696589 1311878144 0.137450248 0.150624
2703.848214 1311878144 0.134145929 0.147165
2703.996423 1311878144 0.142128074 0.155065
2704.15269 1311878144 0.139108281 0.152161
2704.306171 1311878144 0.138418008 0.151862
2704.459304 1311878144 0.13777196 0.150992
2704.611325 1311878144 0.158490525 0.17188
2704.784414 1311878144 0.135503239 0.148926
2704.934298 1311878144 0.13620497 0.149433
2705.084917 1311878144 0.140425909 0.15337
2705.243906 1311878144 0.142373619 0.156056
2705.401121 1311878144 0.149446088 0.164737
2705.567118 1311878144 0.141716113 0.154987
2705.723099 1311878144 0.145632429 0.160531
2705.884752 1311878144 0.14409341 0.15749
2706.043418 1311878144 0.149579115 0.162806
2706.207286 1311878144 0.150468438 0.163094
2706.371462 1311878144 0.141586922 0.154092
2706.526757 1311878144 0.151817622 0.165231
2706.693122 1311878144 0.145823794 0.158509
2706.852687 1311878144 0.144310409 0.156586
2707.010413 1311878144 0.139017354 0.151816
2707.163227 1311878144 0.138536084 0.150925
2707.315203 1311878144 0.140145505 0.153503
2707.46988 1311878144 0.141685707 0.154036
2707.625005 1311878144 0.140566098 0.152876
2707.778866 1311878144 0.142334567 0.15471
2707.934704 1311878144 0.138580594 0.151462
2708.087193 1311878144 0.142208737 0.154529
2708.24278 1311878144 0.143719849 0.156129
2708.399912 1311878144 0.138693335 0.151237
2708.552279 1311878144 0.135379159 0.147384
2708.700906 1311878144 0.136221085 0.149031
2708.851091 1311878144 0.171638086 0.183766
2709.036551 1311878144 0.13356499 0.146329
2709.18416 1311878144 0.131873612 0.145032
2709.330388 1311878144 0.12645764 0.138881
2709.470304 1311878144 0.11944399 0.131615
2709.603073 1311878144 0.119068001 0.132079
2709.736351 1311878144 0.119028319 0.131381
2709.868781 1311878144 0.141726243 0.15423
2710.024156 1311878144 0.120865399 0.133796
2710.15907 1311878144 0.111457619 0.124037
2710.284361 1311878144 0.10720039 0.119344
2710.404769 1311878144 0.134977758 0.148726
2710.554634 1311878144 0.120414497 0.133004
2710.688687 1311878144 0.124000427 0.136576
2710.826477 1311878144 0.119835459 0.132466
2710.960049 1311878144 0.111687451 0.124111
2711.085269 1311878144 0.107292136 0.119635
2711.206008 1311878144 0.10851853 0.120723
2711.327802 1311878144 0.110020875 0.122073
2711.451239 1311878144 0.107502866 0.120453
2711.572839 1311878144 0.10698204 0.119029
2711.692971 1311878144 0.107833792 0.119937
2711.814103 1311878144 0.111437612 0.12508
2711.940315 1311878144 0.106073803 0.118291
2712.059838 1311878144 0.103054426 0.115465
2712.176483 1311878144 0.103900546 0.116078
2712.293674 1311878144 0.10497983 0.117161
2712.411877 1311878144 0.10035116 0.11468
2712.527643 1311878144 0.103697945 0.115817
2712.644646 1311878144 0.101648947 0.114506
2712.760257 1311878144 0.100469306 0.112903
2712.874193 1311878144 0.104784426 0.117067
2712.992386 1311878144 0.097357285 0.109783
2713.103185 1311878144 0.096425337 0.108281
2713.212616 1311878144 0.094217103 0.106432
2713.320154 1311878144 0.097724471 0.109714
2713.430987 1311878144 0.09328349 0.106241
2713.538282 1311878144 0.091972995 0.10396
2713.643421 1311878144 0.101943391 0.114357
2713.758907 1311878144 0.09891099 0.111493
2713.871483 1311878144 0.097345027 0.10938
2713.981916 1311878144 0.094298928 0.106468
2714.089506 1311878144 0.101154233 0.114335
2714.204888 1311878144 0.098268143 0.111297
2714.317345 1311878144 0.095727413 0.108086
2714.426432 1311878144 0.09741111 0.109652
2714.537222 1311878144 0.093220189 0.105152
2714.64345 1311878144 0.093012145 0.104851
2714.749299 1311878144 0.096770468 0.108559
2714.858864 1311878144 0.094622334 0.106466
2714.9664 1311878144 0.098368561 0.110393
2715.078379 1311878144 0.0959279 0.10895
2715.18847 1311878144 0.093083764 0.105285
2715.294806 1311878144 0.096736771 0.108794
2715.404825 1311878144 0.095951997 0.108611
2715.514472 1311878144 0.099210202 0.111847
2715.627338 1311878144 0.096520695 0.108658
2715.737074 1311878144 0.098265226 0.110463
2715.848728 1311878144 0.093339838 0.105537
2715.955276 1311878144 0.093274363 0.10506
2716.061453 1311878144 0.092781379 0.104633
2716.167254 1311878144 0.09085623 0.102978
2716.271342 1311878144 0.097254138 0.109081
2716.381499 1311878144 0.095381856 0.108256
2716.49079 1311878144 0.096833669 0.109081
2716.600991 1311878144 0.090485299 0.102572
2716.704643 1311878144 0.092446161 0.104571
2716.810225 1311878144 0.093226583 0.105433
2716.916768 1311878144 0.090534645 0.103106
2717.020926 1311878144 0.094340652 0.107478
2717.129447 1311878144 0.094168644 0.106665
2717.237082 1311878144 0.098709181 0.110763
2717.349028 1311878144 0.097591336 0.110067
2717.460118 1311878144 0.09903006 0.111254
2717.572584 1311878144 0.101247382 0.114259
2717.687882 1311878144 0.112018296 0.124716
2717.814162 1311878144 0.093451135 0.107056
2717.922426 1311878144 0.093957399 0.106608
2718.030162 1311878144 0.09793439 0.110503
2718.141801 1311878144 0.094933158 0.107223
2718.250206 1311878144 0.096410637 0.1097
2718.361042 1311878144 0.097838033 0.110255
2718.47245 1311878144 0.095973879 0.108475
2718.582079 1311878144 0.103194449 0.116036
2718.699259 1311878144 0.117507837 0.129543
2718.830407 1311878144 0.096664886 0.109972
2718.941746 1311878144 0.093587427 0.105497
2719.048341 1311878144 0.090629941 0.103503
2719.153005 1311878144 0.094952516 0.106822
2719.260956 1311878144 0.101062441 0.113789
2719.375882 1311878144 0.093336631 0.105682
2719.482765 1311878144 0.093625605 0.10592
2719.589789 1311878144 0.093859439 0.105967
2719.69693 1311878144 0.097523358 0.110493
2719.808525 1311878144 0.097976435 0.110178
2719.919757 1311878144 0.088702392 0.103054
2720.023978 1311878144 0.093276562 0.105875
2720.13097 1311878144 0.092215296 0.105079
2720.237233 1311878144 0.089710408 0.101902
2720.340417 1311878144 0.093096905 0.10564
2720.447759 1311878144 0.086328485 0.099302
2720.548279 1311878144 0.091468123 0.103673
2720.653111 1311878144 0.090681715 0.102709
2720.757089 1311878144 0.087662372 0.100266
2720.858644 1311878144 0.086774297 0.100042
2720.959901 1311878144 0.085707846 0.098642
2721.059655 1311878144 0.085748647 0.099878
2721.160658 1311878144 0.089480379 0.101848
2721.263683 1311878144 0.094453 0.106574
2721.371401 1311878144 0.09465813 0.106747
2721.479302 1311878144 0.092480778 0.105348
2721.585749 1311878144 0.094997409 0.106745
2721.69368 1311878144 0.089860075 0.101953
2721.796766 1311878144 0.09043895 0.102301
2721.900471 1311878144 0.087415413 0.099627
2722.001301 1311878144 0.089252845 0.103194
2722.10571 1311878144 0.09283516 0.104779
2722.211663 1311878144 0.08701949 0.099026
2722.311788 1311878144 0.087927566 0.102384
2722.415261 1311878144 0.090661041 0.102851
2722.519262 1311878144 0.084053237 0.098425
2722.618759 1311878144 0.086135735 0.098089
2722.71821 1311878144 0.085757125 0.098009
2722.817249 1311878144 0.083706018 0.095614
2722.913987 1311878144 0.081517241 0.093873
2723.009072 1311878144 0.0892555 0.101546
2723.111801 1311878144 0.082344065 0.094396
2723.207288 1311878144 0.081290351 0.093325
2723.301902 1311878144 0.07992795 0.091936
2723.394894 1311878144 0.083497816 0.095945
2723.492078 1311878144 0.080265182 0.09279
2723.585945 1311878144 0.081697953 0.0968
2723.684676 1311878144 0.076930781 0.088931
2723.77469 1311878144 0.081229482 0.093245
2723.869081 1311878144 0.085182503 0.097454
2723.967633 1311878144 0.089640667 0.103524
2724.072408 1311878144 0.082259899 0.09411
2724.167705 1311878144 0.079533048 0.092552
2724.261338 1311878144 0.080516744 0.092627
2724.355124 1311878144 0.081299118 0.093147
2724.449429 1311878144 0.076237339 0.088245
2724.538798 1311878144 0.08001144 0.091675
2724.631622 1311878144 0.081389039 0.093338
2724.726059 1311878144 0.080437859 0.093784
2724.821034 1311878144 0.078756018 0.090565
2724.912779 1311878144 0.077988237 0.090302
2725.004316 1311878144 0.080797396 0.092397
2725.097808 1311878144 0.081167173 0.092871
2725.191804 1311878144 0.070887226 0.08587
2725.278786 1311878144 0.072264124 0.084135
2725.364118 1311878144 0.077269163 0.089745
2725.454888 1311878144 0.07371693 0.085622
2725.54168 1311878144 0.082617547 0.094565
2725.637367 1311878144 0.083374796 0.09545
2725.733915 1311878144 0.074778642 0.087229
2725.822081 1311878144 0.081168228 0.093173
2725.916335 1311878144 0.078107249 0.089723
2726.007085 1311878144 0.073966699 0.085673
2726.093858 1311878144 0.077198662 0.090235
2726.18519 1311878144 0.081358573 0.094219
2726.280634 1311878144 0.07963705 0.093875
2726.375543 1311878144 0.07862993 0.092987
2726.470569 1311878144 0.072127252 0.084309
2726.555942 1311878144 0.076305115 0.090398
2726.647435 1311878144 0.07637702 0.088675
2726.737165 1311878144 0.081479312 0.093577
2726.831936 1311878144 0.076120464 0.09011
2726.923163 1311878144 0.075333611 0.087601
2727.011851 1311878144 0.078691851 0.090759
2727.103731 1311878144 0.082971127 0.097679
2727.202524 1311878144 0.082282486 0.094907
2727.299272 1311878144 0.085600437 0.098945
2727.399356 1311878144 0.083895844 0.096092
2727.496571 1311878144 0.080941014 0.093081
2727.590665 1311878144 0.086624805 0.099018
2855.604562 1311878272 0.086262773 0.101355
2855.707386 1311878272 0.095395345 0.110652
2855.819294 1311878272 0.081964051 0.096478
2855.917047 1311878272 0.093755815 0.106438
2856.024682 1311878272 0.090031615 0.102233
2856.128524 1311878272 0.088195244 0.101474
2856.231083 1311878272 0.082344708 0.094743
2856.32711 1311878272 0.08442317 0.09764
2856.425821 1311878272 0.079074544 0.091239
2856.518577 1311878272 0.085892484 0.097968
2856.617676 1311878272 0.07523245 0.087339
2856.706323 1311878272 0.086683367 0.098551
2856.805911 1311878272 0.085846273 0.099646
2856.907036 1311878272 0.087774743 0.100585
2857.008728 1311878272 0.083373874 0.095125
2857.104985 1311878272 0.083343248 0.095783
2857.202023 1311878272 0.078798371 0.092921
2857.296151 1311878272 0.082736405 0.096003
2857.393522 1311878272 0.085745564 0.097887
2857.492523 1311878272 0.092999876 0.105254
2857.598948 1311878272 0.094266972 0.106734
2857.706874 1311878272 0.090825504 0.102875
2857.810804 1311878272 0.092268353 0.104068
2857.915928 1311878272 0.092653395 0.105151
2858.022197 1311878272 0.096236147 0.110129
2858.13351 1311878272 0.099891737 0.11247
2858.247069 1311878272 0.10071667 0.112587
2858.360854 1311878272 0.102565873 0.114295
2858.476332 1311878272 0.098908749 0.110639
2858.588142 1311878272 0.097411336 0.109126
2858.698723 1311878272 0.09711385 0.109151
2858.809023 1311878272 0.096826636 0.108857
2858.919214 1311878272 0.104616268 0.117496
2859.037688 1311878272 0.097957696 0.112106
2859.150811 1311878272 0.097370853 0.109403
2859.261312 1311878272 0.100592439 0.112566
2859.375053 1311878272 0.100594263 0.11258
2859.48928 1311878272 0.10404165 0.116678
2859.607119 1311878272 5.537095812 5.549535
2865.158033 1311878272 0.051894974 0.063754
2865.222938 1311878272 0.052129385 0.063832
2865.28924 1311878272 0.055081357 0.069578
2865.360035 1311878272 0.053442435 0.065117
2865.426427 1311878272 0.057312082 0.071553
2865.49903 1311878272 0.053685038 0.065563
2865.565644 1311878272 0.054831426 0.067008
2865.633928 1311878272 0.055566402 0.067442
2865.70284 1311878272 0.054808832 0.068004
2865.772047 1311878272 0.063805108 0.076276
2865.849435 1311878272 0.103135293 0.115489
2865.966228 1311878272 0.09075128 0.103823
2866.071243 1311878272 0.090466915 0.105108
2866.177531 1311878272 0.087455836 0.101063
2866.280224 1311878272 0.086535858 0.099153
2866.380449 1311878272 0.081507089 0.093457
2866.474974 1311878272 0.078802871 0.090523
2866.566699 1311878272 0.083849657 0.096369
2866.664289 1311878272 0.088335362 0.101353
2866.767199 1311878272 0.081443244 0.094287
2866.862721 1311878272 0.080299992 0.092198
2866.956613 1311878272 0.083425797 0.095271
2867.053148 1311878272 0.084944809 0.097329
2867.151653 1311878272 0.081867711 0.095303
2867.248576 1311878272 0.083787541 0.095872
2867.345568 1311878272 0.091889921 0.103896
2867.450525 1311878272 0.101781054 0.115623
2867.56736 1311878272 0.097037576 0.109458
2867.67804 1311878272 0.092927854 0.105462
2867.784725 1311878272 0.087276401 0.099208
2867.885058 1311878272 0.090147057 0.102645
2867.988931 1311878272 0.089064833 0.101125
2868.091138 1311878272 0.090639624 0.102451
2868.194652 1311878272 0.089915719 0.10404
2868.299746 1311878272 0.090827952 0.102899
2868.403884 1311878272 0.091108637 0.104668
2868.509676 1311878272 0.087340019 0.101209
2868.612071 1311878272 0.088636077 0.10226
2868.715413 1311878272 0.086472619 0.100676
2868.81722 1311878272 0.089084704 0.103154
2868.92197 1311878272 0.085504191 0.097467
2869.020961 1311878272 0.091930016 0.104389
2869.126491 1311878272 0.087467352 0.099513
2869.227264 1311878272 0.082764004 0.094683
2869.323251 1311878272 0.088548168 0.100537
2869.425088 1311878272 0.087783494 0.101421
2869.527568 1311878272 0.093824245 0.108175
2869.637418 1311878272 0.085856525 0.097717
2869.736198 1311878272 0.088851381 0.102069
2869.839336 1311878272 0.095518943 0.107393
2869.948465 1311878272 0.098584233 0.111571
2870.061137 1311878272 0.11023746 0.122415
2870.18461 1311878272 0.118971292 0.131043
2870.316783 1311878272 0.113702479 0.126047
2870.444229 1311878272 0.105738954 0.118123
2870.563591 1311878272 0.104413454 0.116403
2870.681063 1311878272 9.854092436 9.865852
2880.548211 1311878272 6.32444873 6.336513
2886.886045 1311878272 0.116825914 0.130721
2887.017922 1311878272 0.096588404 0.110195
2887.129678 1311878272 0.104608505 0.118682
2887.249397 1311878272 0.098559916 0.11084
2887.361552 1311878272 0.093004916 0.104765
2887.467373 1311878272 0.098084342 0.112181
2887.581165 1311878272 0.098958845 0.113017
2887.695198 1311878272 0.10232485 0.114069
2887.810756 1311878272 0.098633614 0.111827
2887.923618 1311878272 0.101638803 0.115679
2888.040509 1311878272 0.097651394 0.111406
2888.153079 1311878272 0.105927507 0.118138
2888.272404 1311878272 0.108011279 0.119898
2888.393549 1311878272 0.109132258 0.120942
2888.515792 1311878272 0.108541031 0.121561
2888.638475 1311878272 0.113210741 0.125184
2888.764799 1311878272 0.109490352 0.121569
2888.887468 1311878272 0.107834054 0.119895
2889.008776 1311878272 0.10833606 0.120242
2889.130108 1311878272 0.10523509 0.117209
2889.248542 1311878272 0.109161153 0.121194
2889.37117 1311878272 0.10953301 0.122693
2889.494938 1311878272 0.107957387 0.122458
2889.618859 1311878272 0.104944899 0.11855
2889.738484 1311878272 0.10747266 0.121655
2889.861294 1311878272 0.109667478 0.123767
2889.986056 1311878272 0.107290444 0.119584
2890.106719 1311878272 0.111129815 0.125143
2890.233668 1311878272 0.113914611 0.126046
2890.360855 1311878272 0.116170487 0.128234
2890.490075 1311878272 0.116189528 0.128434
2890.619595 1311878272 0.116183767 0.128374
2890.749058 1311878272 0.114038134 0.126446
2890.876758 1311878272 0.12987916 0.142667
2891.020555 1311878272 0.125241834 0.137603
2891.159393 1311878272 0.134452356 0.148278
2891.308752 1311878272 0.136009193 0.149182
2891.458999 1311878272 0.132408681 0.144653
2891.604712 1311878272 0.123968848 0.137766
2891.743792 1311878272 0.132588398 0.146376
2891.891225 1311878272 0.129738863 0.142418
2892.034771 1311878272 0.131464157 0.143477
2892.17928 1311878272 0.130909156 0.144689
2892.325178 1311878272 0.127609041 0.140383
2892.466736 1311878272 0.123259535 0.137897
2892.605846 1311878272 0.132065205 0.14431
2892.751286 1311878272 0.132674544 0.145214
2892.897772 1311878272 0.134625479 0.147902
2893.046721 1311878272 0.132044788 0.14454
2893.192503 1311878272 0.146000706 0.158958
2893.352634 1311878272 0.148299048 0.160984
2893.514774 1311878272 0.142366719 0.156316
2893.672198 1311878272 0.140978239 0.153818
2893.827409 1311878272 0.14412734 0.157887
2893.986521 1311878272 0.146513206 0.159195
2894.146992 1311878272 0.1432625 0.157108
2894.305285 1311878272 0.143322536 0.156185
2894.462904 1311878272 0.144429625 0.158133
2894.622129 1311878272 0.144913484 0.157692
2894.781255 1311878272 0.138039994 0.151156
2894.933593 1311878272 0.141978761 0.154745
2895.089635 1311878272 0.145045138 0.157901
2895.248626 1311878272 0.134208368 0.146736
2895.396854 1311878272 0.132896566 0.145876
2895.543813 1311878272 0.130176796 0.142411
2895.687298 1311878272 0.123180387 0.139174
2895.827696 1311878272 0.125281569 0.139647
2895.968639 1311878272 0.125550381 0.137727
2896.10748 1311878272 0.123975015 0.136188
2896.24493 1311878272 0.126122822 0.138135
2896.384497 1311878272 0.123115296 0.135209
2896.520791 1311878272 0.128926914 0.142608
2896.664522 1311878272 0.129217742 0.141197
2896.806794 1311878272 0.127853361 0.139887
2896.947786 1311878272 0.125399332 0.137423
2897.086406 1311878272 0.122233079 0.134187
2897.221774 1311878272 0.118491601 0.132572
2897.355647 1311878272 0.118836768 0.132149
2897.488937 1311878272 0.121691743 0.135538
2897.625832 1311878272 0.127233844 0.140797
2897.767755 1311878272 0.112617803 0.125075
2897.894253 1311878272 0.119877549 0.133192
2898.028824 1311878272 0.104787887 0.117124
2898.147198 1311878272 0.1058079 0.120405
2898.268778 1311878272 0.112652843 0.127643
2898.39755 1311878272 0.111485144 0.123704
2898.5223 1311878272 0.109694281 0.1229
2898.64631 1311878272 0.11277176 0.126288
2898.773864 1311878272 0.107146901 0.120774
2898.895744 1311878272 0.118810108 0.131188
2899.028464 1311878272 0.115190299 0.129125
2899.158715 1311878272 0.111963051 0.123978
2899.283879 1311878272 0.10930815 0.121303
2899.406761 1311878272 0.11129723 0.123418
2899.531253 1311878272 0.111604283 0.123752
2899.656125 1311878272 0.112706443 0.124717
2899.782148 1311878272 0.112354203 0.127261
2899.91064 1311878272 0.11935493 0.131146
2900.043046 1311878272 0.11205019 0.124583
2900.169128 1311878272 0.114887115 0.127786
2900.298705 1311878272 0.110244702 0.122425
2900.422671 1311878272 0.106549145 0.118771
2900.542545 1311878272 0.113238914 0.125204
2900.669086 1311878272 0.109315506 0.121839
2900.792415 1311878272 0.112671623 0.126414
2900.919928 1311878272 0.112851791 0.126337
2901.047457 1311878272 0.105818199 0.117803
2901.166501 1311878272 0.116233606 0.130077
2901.297679 1311878272 0.106295468 0.118524
2901.417767 1311878272 0.107241494 0.120656
2901.539539 1311878272 0.119575865 0.13243
2901.673055 1311878272 0.113565933 0.126132
2901.800552 1311878272 0.112154094 0.124357
2901.926296 1311878272 0.106657915 0.118928
2902.046869 1311878272 0.104638977 0.117724
2902.165779 1311878272 0.104370197 0.116768
2902.283694 1311878272 0.103452621 0.116516
2902.401601 1311878272 0.100340611 0.114111
2902.516801 1311878272 0.100990527 0.112895
2902.631088 1311878272 0.101501716 0.114642
2902.746858 1311878272 0.104902955 0.117504
2902.865502 1311878272 0.101997035 0.114175
2902.980748 1311878272 0.097546021 0.111645
2903.093644 1311878272 0.098740698 0.111417
2903.206188 1311878272 0.100070709 0.114545
2903.321962 1311878272 0.099366582 0.111342
2903.434478 1311878272 0.090667924 0.102778
2903.538402 1311878272 0.094429179 0.108575
2903.648181 1311878272 0.089100013 0.10332
2903.752892 1311878272 0.095325473 0.108201
2903.86211 1311878272 0.09457408 0.106667
2903.969939 1311878272 0.095270079 0.10774
2904.078794 1311878272 0.090832186 0.102798
2904.18264 1311878272 0.126453413 0.138579
2904.32227 1311878272 0.090857403 0.102796
2904.426152 1311878272 0.088290186 0.101828
2904.529284 1311878272 0.088490098 0.100405
2904.630808 1311878272 0.087010191 0.099027
2904.730952 1311878272 0.089533183 0.101564
2904.833876 1311878272 0.090778998 0.102848
2904.937849 1311878272 0.086818182 0.098866
2905.037871 1311878272 0.088366476 0.101276
2905.140393 1311878272 0.087465667 0.100293
2905.241739 1311878272 0.093299301 0.105529
2905.348403 1311878272 0.090128442 0.103575
2905.453151 1311878272 0.087126484 0.099572
2905.553905 1311878272 0.089422362 0.102431
2905.657588 1311878272 0.093701014 0.106122
2905.765393 1311878272 0.094241038 0.106879
2905.873499 1311878272 0.094817383 0.107127
2905.982369 1311878272 0.09400394 0.106892
2906.090337 1311878272 0.095884567 0.10805
2906.199551 1311878272 0.092780909 0.104865
2906.305605 1311878272 0.093817051 0.105798
2906.412645 1311878272 0.093017816 0.105596
2906.519298 1311878272 0.089306676 0.101649
2906.621989 1311878272 0.092093517 0.104416
2906.727593 1311878272 0.117115169 0.129462
2906.85811 1311878272 0.087947605 0.100383
2906.959457 1311878272 0.092466237 0.105672
2907.066487 1311878272 0.090043858 0.104367
2907.172055 1311878272 0.093495116 0.106733
2907.279957 1311878272 0.09554823 0.110319
2907.3914 1311878272 0.097428698 0.109953
2907.502448 1311878272 0.090333824 0.10445
2907.608076 1311878272 0.095715052 0.110055
2907.719765 1311878272 0.087776941 0.100352
2907.821373 1311878272 0.095860274 0.1083
2907.930724 1311878272 0.093591599 0.105601
2908.037612 1311878272 0.116039343 0.128316
2908.167112 1311878272 0.091699034 0.103829
2908.272102 1311878272 0.087700234 0.101433
2908.374567 1311878272 0.090099284 0.102687
2908.478356 1311878272 0.091579989 0.103623
2908.583451 1311878272 0.090621546 0.105099
2908.689694 1311878272 0.093340674 0.107463
2908.798251 1311878272 0.091531313 0.104298
2908.904178 1311878272 0.092529789 0.106548
2909.011853 1311878272 0.097259663 0.111119
2909.124389 1311878272 0.089370898 0.101606
2909.227144 1311878272 0.091427885 0.103622
2909.331803 1311878272 0.088030743 0.100162
2909.433206 1311878272 0.105621345 0.117901
2909.55215 1311878272 0.08924366 0.10222
2909.655524 1311878272 0.092096137 0.104268
2909.760893 1311878272 0.09335392 0.105965
2909.867972 1311878272 0.099999879 0.112837
2909.981984 1311878272 0.096782264 0.110468
2910.09385 1311878272 0.116027179 0.128612
2910.223696 1311878272 0.098896438 0.111484
2910.336262 1311878272 0.099502449 0.112485
2910.450026 1311878272 0.096144732 0.108817
2910.560205 1311878272 0.09663189 0.10946
2910.670838 1311878272 0.092512538 0.105926
2910.777874 1311878272 0.096172924 0.108357
2910.887477 1311878272 0.093155191 0.105734
2910.994306 1311878272 0.089627674 0.102861
2911.098609 1311878272 0.097419379 0.111605
2911.211279 1311878272 0.093011888 0.105542
2911.317856 1311878272 0.092120776 0.104237
2911.423177 1311878272 0.088376003 0.100611
2911.524974 1311878272 0.095496446 0.107751
2911.634096 1311878272 0.093092146 0.105495
2911.740819 1311878272 0.093602313 0.108142
2911.849961 1311878272 0.104393254 0.116984
2911.96815 1311878272 0.097196264 0.109849
2912.079044 1311878272 0.09330822 0.105682
2912.186323 1311878272 0.096983966 0.109619
2912.297 1311878272 0.101190968 0.113806
2912.412164 1311878272 0.104330051 0.117838
2912.531137 1311878272 0.096587821 0.108853
2912.641503 1311878272 0.112113561 0.124459
2912.767076 1311878272 0.094192897 0.107925
2912.876266 1311878272 0.096747347 0.111339
2912.988802 1311878272 0.096086901 0.110604
2913.100588 1311878272 0.094000441 0.106179
2913.207859 1311878272 0.096349473 0.108665
2913.317658 1311878272 0.118004158 0.130427
2913.449143 1311878272 0.094111198 0.106371
2913.556634 1311878272 0.094071228 0.107272
2913.665225 1311878272 0.093487169 0.105961
2913.772378 1311878272 0.098045641 0.110504
2913.88421 1311878272 0.097155554 0.109687
2913.995055 1311878272 0.120568812 0.132878
2914.129019 1311878272 0.091356035 0.10347
2914.233777 1311878272 0.098737097 0.112196
2914.347136 1311878272 0.097171651 0.110463
2914.458636 1311878272 0.103071976 0.117495
2914.577353 1311878272 0.099730036 0.112128
2914.690788 1311878272 0.093558563 0.105853
2914.79769 1311878272 0.099184667 0.111552
2914.910984 1311878272 0.093385467 0.105565
2915.017515 1311878272 0.094852476 0.107187
2915.125826 1311878272 0.098771657 0.11096
2915.237782 1311878272 0.124497688 0.137726
2915.376698 1311878272 0.102432906 0.115131
2915.492924 1311878272 0.097959525 0.112843
2915.606897 1311878272 0.108348142 0.120832
2915.728879 1311878272 0.110872445 0.12307
2915.853549 1311878272 0.111039717 0.124092
2915.978777 1311878272 0.103625725 0.116952
2916.096846 1311878272 0.106574528 0.119811
2916.217725 1311878272 0.111091751 0.125827
2916.344836 1311878272 0.12540291 0.138665
2916.484746 1311878272 0.100452945 0.112914
2916.598902 1311878272 0.098862249 0.111077
2916.711157 1311878272 0.107313855 0.121461
2916.833844 1311878272 0.109568993 0.122691
2916.957733 1311878272 0.103277132 0.117681
2917.076663 1311878272 0.104659049 0.11765
2917.195542 1311878272 0.104261143 0.117063
2917.313615 1311878272 0.107309278 0.119573
2917.434199 1311878272 0.101757801 0.114165
2917.54951 1311878272 0.106098952 0.119791
2917.670374 1311878272 0.106450359 0.119333
2917.791161 1311878272 0.097712277 0.11043
2917.902736 1311878272 0.099136852 0.111696
2918.015596 1311878272 0.121395593 0.134149
2918.150817 1311878272 0.100046652 0.1136
2918.265515 1311878272 0.100218179 0.112902
2918.379517 1311878272 0.103224872 0.115809
2918.496535 1311878272 0.136939735 0.14938
2918.647049 1311878272 0.103321131 0.115779
2918.764053 1311878272 0.104190385 0.11765
2918.882805 1311878272 0.098217994 0.11147
2918.995352 1311878272 0.100117438 0.11279
2919.109186 1311878272 0.104765546 0.117125
2919.227304 1311878272 0.100213857 0.113047
2919.341369 1311878272 0.099315483 0.111723
2919.45435 1311878272 0.105165405 0.118062
2919.573553 1311878272 0.106786786 0.121638
2919.6963 1311878272 0.11704615 0.130047
2919.827642 1311878272 0.10138594 0.114239
2919.942979 1311878272 0.099844592 0.112376
2920.056888 1311878272 0.104699686 0.117322
2920.175473 1311878272 0.09616731 0.108803
2920.28583 1311878272 0.096962609 0.110415
2920.397317 1311878272 0.097908251 0.110284
2920.508722 1311878272 0.104506781 0.118218
2920.628064 1311878272 0.107040588 0.120015
2920.749517 1311878272 0.113889145 0.127808
2920.878554 1311878272 0.108049496 0.12203
2921.001713 1311878272 0.112895181 0.125966
2921.129235 1311878272 0.104175629 0.116936
2921.24727 1311878272 0.103959588 0.118222
2921.366625 1311878272 0.104707589 0.117316
2921.485062 1311878272 0.104220975 0.11741
2921.603528 1311878272 0.096424278 0.110977
2921.715965 1311878272 0.093259531 0.106632
2921.823652 1311878272 0.097755249 0.110806
2921.935611 1311878272 0.100760309 0.115029
2922.051831 1311878272 0.102684681 0.115564
2922.168494 1311878272 0.10231913 0.116569
2922.286262 1311878272 0.100644496 0.11358
2922.400964 1311878272 0.093052546 0.105558
2922.507902 1311878272 0.09398513 0.106476
2922.615415 1311878272 0.095063129 0.107292
2922.723825 1311878272 0.096021091 0.108152
2922.83322 1311878272 0.100628686 0.112824
2922.947205 1311878272 0.090410156 0.102763
2923.051155 1311878272 0.090598676 0.103059
2923.155253 1311878272 0.094385179 0.106888
2923.263232 1311878272 0.090936452 0.103315
2923.367773 1311878272 0.088243148 0.10183
2923.470597 1311878272 0.088653887 0.101678
2923.573476 1311878272 0.089809265 0.102625
2923.677235 1311878272 0.10516994 0.117942
2923.796371 1311878272 0.093277353 0.108139
2923.905516 1311878272 0.091664161 0.104179
2924.010871 1311878272 0.095894684 0.10836
2924.120417 1311878272 0.083722149 0.096114
2924.217806 1311878272 0.085813728 0.099336
2924.318182 1311878272 0.083639745 0.096253
2924.415494 1311878272 0.085226662 0.097875
2924.514602 1311878272 0.083427736 0.097855
2924.61389 1311878272 0.08761035 0.101063
2924.71599 1311878272 0.092957562 0.105657
2924.822715 1311878272 0.084144917 0.097243
2924.921041 1311878272 0.087178875 0.10046
2925.023069 1311878272 0.082892511 0.095415
2925.12054 1311878272 0.076517734 0.089377
2925.211445 1311878272 0.081544643 0.095753
2925.308302 1311878272 0.077843713 0.090423
2925.399786 1311878272 0.078459131 0.093787
2925.494642 1311878272 0.087081239 0.099892
2925.595678 1311878272 0.087206332 0.099948
2925.696982 1311878272 0.084312603 0.097367
2925.796754 1311878272 0.093584147 0.106329
2925.904169 1311878272 0.084552103 0.097256
2926.002543 1311878272 0.082595792 0.09531
2926.098952 1311878272 0.075822695 0.090946
2926.191045 1311878272 0.085411564 0.099873
2926.29195 1311878272 0.074968161 0.088482
2926.381528 1311878272 0.084880372 0.098523
2926.481117 1311878272 0.085659799 0.099035
2926.581289 1311878272 0.081033771 0.093786
2926.676279 1311878272 0.087319711 0.100887
2926.778358 1311878272 0.081307223 0.094275
2926.873891 1311878272 0.088270217 0.103059
2926.978158 1311878272 0.087251932 0.10043
2927.080184 1311878272 0.089477406 0.102162
2927.183621 1311878272 0.082483882 0.095193
2927.279946 1311878272 0.07796458 0.093116
2927.37422 1311878272 0.080455345 0.095806
2927.471094 1311878272 0.085600275 0.10031
2927.572717 1311878272 0.093664725 0.106602
2927.680474 1311878272 0.081207985 0.093888
2927.77558 1311878272 0.081898831 0.094868
2927.871473 1311878272 0.087678189 0.100634
2927.973157 1311878272 0.08770123 0.100352
2928.074542 1311878272 0.08724633 0.099813
2928.175407 1311878272 0.085723319 0.09924
2928.27563 1311878272 0.093295363 0.10594
2928.382925 1311878272 0.089360471 0.102029
2928.48604 1311878272 0.0926506 0.106486
2928.593896 1311878272 0.090807766 0.103699
2928.698771 1311878272 0.090664175 0.103416
2928.803374 1311878272 0.094968459 0.108003
2928.912586 1311878272 0.095212759 0.107867
2929.021577 1311878272 0.099739966 0.112371
2929.134978 1311878272 0.101969407 0.11444
2929.250554 1311878272 0.104721944 0.118034
2929.370094 1311878272 0.108960467 0.122289
2929.493599 1311878272 0.118217897 0.131504
2929.626271 1311878272 0.111446238 0.124458
2929.751996 1311878272 0.110761088 0.123501
2929.876619 1311878272 0.109497417 0.122062
2929.999673 1311878272 0.109923291 0.122581
2930.123201 1311878272 0.110947208 0.123479
2930.247741 1311878272 0.105130729 0.118432
2930.367258 1311878272 0.099103328 0.111708
2930.480131 1311878272 0.091037982 0.103298
2930.584575 1311878272 0.100578208 0.11329
2930.698992 1311878272 0.109815093 0.122516
2930.822546 1311878272 0.098656331 0.112109
2930.935771 1311878272 0.103716617 0.116396
2931.053184 1311878272 0.10446129 0.117041
2931.171463 1311878272 0.10661908 0.119303
2931.291773 1311878272 0.107732025 0.120401
2931.413563 1311878272 0.110870339 0.123669
2931.538456 1311878272 0.117112341 0.129588
2931.669139 1311878272 0.115922111 0.128308
2931.798477 1311878272 0.121949544 0.135082
2931.934575 1311878272 0.130060331 0.142622
2932.078291 1311878272 0.105073635 0.11744
2932.196789 1311878272 0.121634393 0.133992
2932.332346 1311878272 0.120161305 0.132667
2932.466122 1311878272 0.121437553 0.134838
2932.601915 1311878272 0.118403306 0.131099
2932.734042 1311878272 0.11679178 0.129349
2932.86452 1311878272 0.113994537 0.126592
2932.992186 1311878272 0.10393272 0.116438
2933.109559 1311878272 0.102972454 0.116318
2933.22695 1311878272 0.09580129 0.10859
2933.336751 1311878272 0.103818666 0.11686
2933.454615 1311878272 0.104191451 0.117214
2933.572863 1311878272 0.102755835 0.115884
2933.68993 1311878272 0.102067228 0.114747
2933.805621 1311878272 0.104227323 0.117027
2933.923655 1311878272 0.106642692 0.119388
2934.044568 1311878272 0.112955385 0.125629
2934.171213 1311878272 0.112074483 0.125792
2934.298041 1311878272 0.111575292 0.124273
2934.423351 1311878272 0.108752801 0.121479
2934.546007 1311878272 0.112104532 0.124899
2934.67246 1311878272 0.116565718 0.130315
2934.8038 1311878272 0.115947898 0.128679
2934.933554 1311878272 0.118934366 0.131603
2935.066096 1311878272 0.122071783 0.13463
2935.201744 1311878272 0.124065535 0.136639
2935.339829 1311878272 0.132387499 0.145038
2935.485943 1311878272 0.133512221 0.1465
2935.633732 1311878272 0.129285858 0.142063
2935.776919 1311878272 0.130605628 0.144168
2935.922296 1311878272 0.147341913 0.161221
2936.084716 1311878272 0.146437746 0.159851
2936.245766 1311878272 0.147576932 0.160861
2936.407987 1311878272 0.15302357 0.166458
2936.575431 1311878272 0.143909857 0.156798
2936.73333 1311878272 0.14614109 0.158955
2936.893247 1311878272 0.14303289 0.155847
2937.050167 1311878272 0.151691829 0.164856
2937.21605 1311878272 0.156099991 0.169908
2937.387222 1311878272 0.153539782 0.166867
2937.555188 1311878272 0.14523849 0.15919
2937.715506 1311878272 0.136990959 0.1504
2937.867009 1311878272 0.147733382 0.16169
2938.029848 1311878272 0.145225496 0.158459
2938.189326 1311878272 0.151495467 0.16693
2938.357266 1311878272 0.13827348 0.151257
2938.510229 1311878272 0.139289811 0.152654
2938.663911 1311878272 0.141981287 0.154962
2938.819829 1311878272 0.13363593 0.146445
2938.967292 1311878272 0.148940953 0.161789
2939.130172 1311878272 0.137828146 0.150613
2939.281811 1311878272 0.141621624 0.154492
2939.437649 1311878272 0.135951168 0.148912
2939.587689 1311878272 0.137135154 0.15014
2939.738834 1311878272 0.146085402 0.158856
2939.898649 1311878272 0.138809626 0.151335
2940.051266 1311878272 0.13897837 0.15196
2940.20434 1311878272 0.116376293 0.130769
2940.3364 1311878272 0.133026717 0.146092
2940.48363 1311878272 0.133142019 0.147406
2940.632245 1311878272 0.138081272 0.151906
2940.785235 1311878272 0.128396721 0.142384
2940.92876 1311878272 0.124452357 0.137952
2941.067868 1311878272 0.09564668 0.108471
2941.177416 1311878272 0.073248868 0.086018
2941.264603 1311878272 0.136470066 0.149805
2941.415535 1311878272 0.074483642 0.087074
2941.503799 1311878272 0.07685037 0.089935
2941.594805 1311878272 0.16180218 0.17494
2941.771154 1311878272 0.112845255 0.127227
2941.899514 1311878272 0.101998509 0.11512
2942.015994 1311878272 0.104433975 0.116979
2942.134056 1311878272 0.099694536 0.112317
2942.247495 1311878272 0.098349741 0.111616
2942.360234 1311878272 0.090640764 0.103725
2942.465094 1311878272 0.089810264 0.102642
2942.5689 1311878272 0.072888115 0.08524
2942.655336 1311878272 0.058496061 0.071247
2942.727609 1311878272 0.059185372 0.071698
2942.800407 1311878272 0.05988409 0.072543
2942.874087 1311878272 0.061881041 0.074523
2942.949689 1311878272 0.060112932 0.07255
2943.023146 1311878272 0.059548044 0.072125
2943.096438 1311878272 0.06769688 0.080204
2943.177611 1311878272 0.063126376 0.07603
2943.254644 1311878272 0.061911699 0.074262
2943.330026 1311878272 0.058609955 0.070797
2943.40184 1311878272 0.058676166 0.070967
2943.473851 1311878272 0.059350562 0.071804
2943.54686 1311878272 0.061786829 0.074127
2943.621922 1311878272 0.064572775 0.077948
2943.701032 1311878272 0.062091514 0.074519
2943.776589 1311878272 0.064226167 0.076737
2943.854316 1311878272 0.063668383 0.076233
2943.931974 1311878272 0.062712372 0.075395
2944.008473 1311878272 0.137369364 0.149611
2944.159302 1311878272 0.066572446 0.079523
2944.239895 1311878272 0.065328167 0.078214
2944.319132 1311878272 0.063775363 0.07611
2944.396323 1311878272 0.069061738 0.081873
2944.479404 1311878272 0.064167252 0.076647
2944.557125 1311878272 0.064407487 0.077498
2944.636067 1311878272 0.067300572 0.081347
2944.718551 1311878272 0.064239542 0.076912
2944.796883 1311878272 0.06460535 0.078968
2944.87697 1311878272 0.067533094 0.080441
2944.958884 1311878272 0.065307141 0.07951
2945.039441 1311878272 0.072027754 0.086621
2945.127489 1311878272 0.065150014 0.078963
2945.207524 1311878272 0.067797714 0.081
2945.290015 1311878272 0.070608525 0.083615
2945.375046 1311878272 0.069411449 0.083559
2945.459724 1311878272 0.069010087 0.082507
2945.543388 1311878272 0.070699025 0.083852
2945.62875 1311878272 0.067202967 0.080027
2945.710771 1311878272 0.065034937 0.0785
2945.790358 1311878272 0.069093194 0.082007
2945.873584 1311878272 0.069349397 0.082147
2945.956979 1311878272 0.070795988 0.084414
2946.042432 1311878272 0.066962668 0.080001
2946.123553 1311878272 0.07249427 0.085121
2946.209799 1311878272 0.063478613 0.076138
2946.286995 1311878272 0.0664013 0.079901
2946.368151 1311878272 0.066211212 0.080291
2946.44991 1311878272 0.070012113 0.083373
2946.534292 1311878272 0.064995991 0.078186
2946.613693 1311878272 0.064939763 0.080614
2946.695439 1311878272 0.066032995 0.078558
2946.775186 1311878272 0.067835953 0.081088
2946.857315 1311878272 0.07366552 0.086803
2946.945135 1311878272 0.066217835 0.080261
2947.026506 1311878272 0.06822029 0.080899
2947.108544 1311878272 0.071673466 0.085634
2947.195413 1311878272 0.072520159 0.085183
2947.281705 1311878272 0.071598422 0.084334
2947.367153 1311878272 0.068511247 0.081311
2947.449558 1311878272 0.075881649 0.088388
2947.539019 1311878272 0.072806027 0.085302
2947.625363 1311878272 0.065097338 0.078149
2947.704802 1311878272 0.066668093 0.079336
2947.78511 1311878272 0.071574676 0.084617
2947.870739 1311878272 0.07053527 0.083449
2947.955236 1311878272 0.068301061 0.081945
2948.038365 1311878272 0.067843217 0.08079
2948.120249 1311878272 0.072692548 0.086535
2948.207956 1311878272 0.073770451 0.086514
2948.29554 1311878272 0.068525583 0.082201
2948.378988 1311878272 0.066589882 0.079598
2948.459733 1311878272 0.065273217 0.079144
2948.54016 1311878272 0.071475792 0.084242
2948.62571 1311878272 0.069773668 0.083454
2948.710281 1311878272 0.071279781 0.084383
2948.79573 1311878272 0.06605549 0.078795
2948.87562 1311878272 0.067962133 0.081089
2948.957797 1311878272 0.070951384 0.084138
2949.043179 1311878272 0.066861925 0.079989
2949.124319 1311878272 0.073712016 0.087412
2949.212914 1311878272 0.070289786 0.084647
2949.298673 1311878272 0.066776513 0.079353
2949.379228 1311878272 0.067686025 0.081454
2949.461835 1311878272 0.073171865 0.086233
2949.549516 1311878272 0.066027777 0.080156
2949.630808 1311878272 0.059450689 0.073777
2949.705578 1311878272 0.065402852 0.077758
2949.784373 1311878272 0.067003882 0.080096
2949.865559 1311878272 0.072016581 0.08442
2949.951116 1311878272 0.068942399 0.083752
2950.036108 1311878272 0.071395626 0.085175
2950.122276 1311878272 0.062657197 0.075322
2950.19866 1311878272 0.07158005 0.085425
2950.285083 1311878272 0.06675824 0.079286
2950.365474 1311878272 0.06448614 0.078633
2950.445216 1311878272 0.070886708 0.082961
2950.529291 1311878272 0.074246407 0.087767
2950.618418 1311878272 0.063937731 0.076337
2950.695912 1311878272 0.056642758 0.070061
2950.767143 1311878272 0.058588474 0.07151
2950.839676 1311878272 0.054114647 0.066754
2950.90744 1311878272 0.062778737 0.075154
2950.983701 1311878272 0.068032503 0.081423
2951.066322 1311878272 0.062934232 0.076454
2951.143824 1311878272 0.065768468 0.078602
2951.223577 1311878272 0.062626891 0.075137
2951.299802 1311878272 0.06519289 0.077447
2951.378391 1311878272 0.065283263 0.079608
2951.459533 1311878272 0.071728375 0.084184
2951.54485 1311878272 0.067761771 0.080211
2951.626104 1311878272 0.066843297 0.08016
2951.707414 1311878272 0.064656706 0.078752
2951.787579 1311878272 0.07147614 0.084626
2951.873213 1311878272 0.071280482 0.083924
2951.958197 1311878272 0.071842747 0.087387
2952.046994 1311878272 0.079135833 0.091702
2952.140318 1311878272 0.0665341 0.079127
2952.220497 1311878272 0.064413559 0.077782
2952.299374 1311878272 0.070146194 0.085228
2952.385648 1311878272 0.07405654 0.08672
2952.473342 1311878272 0.064247344 0.076979
2952.551284 1311878272 0.063568275 0.076111
2952.628588 1311878272 0.066674553 0.080064
2952.709663 1311878272 0.066906979 0.079423
2952.790099 1311878272 0.072212139 0.086474
2952.877621 1311878272 0.077134593 0.08963
2952.968761 1311878272 0.071161053 0.086141
2953.055983 1311878272 0.069412177 0.081774
2953.138807 1311878272 0.06917383 0.082885
2953.222804 1311878272 0.072552601 0.086248
2953.310393 1311878272 0.068468391 0.080852
2953.392264 1311878272 0.081245876 0.09524
2953.488639 1311878272 0.073847537 0.087228
2953.57688 1311878272 0.065540296 0.077999
2953.655987 1311878272 0.066189891 0.078592
2953.735678 1311878272 0.069623384 0.082474
2953.819381 1311878272 0.065995739 0.078796
2953.899413 1311878272 0.075112584 0.08796
2953.988484 1311878272 0.070275765 0.083245
2954.073229 1311878272 0.067212015 0.080282
2954.154591 1311878272 0.081163952 0.093938
2954.249608 1311878272 0.074786074 0.08743
2954.338164 1311878272 0.071890331 0.085384
2954.424672 1311878272 0.066583445 0.079045
2954.504922 1311878272 0.078241839 0.091845
2954.597813 1311878272 0.072669053 0.084957
2954.683944 1311878272 0.067502299 0.080715
2954.765772 1311878272 0.066931874 0.079174
2954.846196 1311878272 0.067624192 0.080765
2954.928109 1311878272 0.065928887 0.078262
2955.007627 1311878272 0.075254925 0.088046
2955.096857 1311878272 0.073505153 0.086358
2955.184389 1311878272 0.072446035 0.085038
2955.270569 1311878272 0.071091959 0.083683
2955.355253 1311878272 0.06816588 0.080583
2955.437117 1311878272 0.070346423 0.08286
2955.521052 1311878272 0.074038231 0.086505
2955.608688 1311878272 0.069601046 0.084063
2955.693857 1311878272 0.071820951 0.084463
2955.779456 1311878272 0.068504869 0.083269
2955.864132 1311878272 0.066917409 0.079558
2955.944767 1311878272 0.073520352 0.087599
2956.033535 1311878272 0.066777211 0.079177
2956.113762 1311878272 0.070711846 0.084552
2956.199363 1311878272 0.0731396 0.087662
2956.288074 1311878272 0.073550274 0.086085
2956.375187 1311878272 0.067878507 0.081597
2956.45803 1311878272 0.069578485 0.081967
2956.541077 1311878272 0.065771182 0.080835
2956.62303 1311878272 0.06669103 0.079215
2956.70329 1311878272 0.067187596 0.081681
2956.786107 1311878272 0.065664681 0.078118
2956.865296 1311878272 0.071336064 0.085983
2956.952432 1311878272 0.070277746 0.082686
2957.036276 1311878272 0.0700594 0.083399
2957.120803 1311878272 0.070257425 0.084141
2957.206081 1311878272 0.064190441 0.076735
2957.283776 1311878272 0.065374909 0.079842
2957.364672 1311878272 0.062752363 0.075077
2957.440816 1311878272 0.071105334 0.08342
2957.525331 1311878272 0.068223288 0.081855
2957.608315 1311878272 0.072845601 0.085393
2957.694876 1311878272 0.072088544 0.086281
2957.782306 1311878272 0.076267606 0.090086
2957.873431 1311878272 0.065651559 0.078405
2957.95294 1311878272 0.068187318 0.080797
2958.034834 1311878272 0.067294383 0.082084
2958.117951 1311878272 0.066240898 0.078711
2958.198184 1311878272 0.074252925 0.08719
2958.286489 1311878272 0.069541937 0.082696
2958.370366 1311878272 0.063617519 0.076894
2958.448413 1311878272 0.06663365 0.0791
2958.528561 1311878272 0.067492664 0.08031
2958.609978 1311878272 0.068227991 0.080482
2958.691633 1311878272 0.065817933 0.078406
2958.771137 1311878272 0.07333346 0.086108
2958.858403 1311878272 0.063430342 0.075461
2958.934939 1311878272 0.06627037 0.079657
2959.015989 1311878272 0.068244984 0.081902
2959.099025 1311878272 0.072511889 0.084846
2959.184893 1311878272 0.072364331 0.086728
2959.272838 1311878272 0.073703973 0.086858
2959.360813 1311878272 0.068437472 0.080773
2959.442531 1311878272 0.06641892 0.078754
2959.522416 1311878272 0.06876347 0.081182
2959.604641 1311878272 0.068564901 0.081722
2959.687363 1311878272 0.06565287 0.078105
2959.766443 1311878272 0.066139483 0.079241
2959.847256 1311878272 0.073670498 0.086837
2959.935208 1311878272 0.076451868 0.091234
2960.02758 1311878272 0.062313397 0.075248
2960.105048 1311878272 0.072802333 0.085793
2960.191946 1311878272 0.070058725 0.08274
2960.275729 1311878272 0.077288927 0.090306
2960.367645 1311878272 0.067843717 0.081002
2960.449689 1311878272 0.069531918 0.083251
2960.534131 1311878272 0.073451065 0.086031
2960.621201 1311878272 0.075399885 0.088508
2960.710861 1311878272 0.067540855 0.082635
2960.794656 1311878272 0.082740012 0.095613
2960.891521 1311878272 0.071455905 0.084434
2960.976996 1311878272 0.064019582 0.076749
2961.054789 1311878272 0.068299096 0.080865
2961.136672 1311878272 0.068472032 0.081069
2961.219278 1311878272 0.068921235 0.081326
2961.301758 1311878272 0.067946825 0.081484
2961.384799 1311878272 0.075367947 0.08814
2961.474039 1311878272 0.083511981 0.096198
2961.571216 1311878272 0.069015799 0.084777
2961.657343 1311878272 0.065548543 0.078201
2961.736653 1311878272 0.073282703 0.085999
2961.823658 1311878272 0.069095994 0.083167
2961.907925 1311878272 0.077265116 0.09012
2961.999365 1311878272 0.074960728 0.089954
2962.090541 1311878272 0.067430801 0.080042
2962.171578 1311878272 0.078385357 0.091092
2962.263907 1311878272 0.075389419 0.088874
2962.354219 1311878272 0.06601042 0.07871
2962.434103 1311878272 0.082704168 0.097315
2962.53266 1311878272 0.070014497 0.082666
2962.616481 1311878272 0.069306466 0.082073
2962.699572 1311878272 0.078792093 0.092965
2962.793539 1311878272 0.07552584 0.08884
2962.883429 1311878272 0.066874232 0.079824
2962.9645 1311878272 0.069134362 0.082392
2963.047937 1311878272 0.068926289 0.082918
2963.131828 1311878272 0.066211771 0.079968
2963.212864 1311878272 0.072942463 0.085389
2963.299373 1311878272 0.067442417 0.079864
2963.38034 1311878272 0.07667037 0.089231
2963.470744 1311878272 0.074212855 0.087555
2963.559349 1311878272 0.070220041 0.082871
2963.643244 1311878272 0.073554425 0.086865
2963.731512 1311878272 0.069978974 0.084452
2963.817095 1311878272 0.066600748 0.080986
2963.899106 1311878272 0.073919881 0.087897
2963.988622 1311878272 0.068542368 0.081467
2964.071176 1311878272 0.075220353 0.089148
2964.161452 1311878272 0.068354711 0.081337
2964.243821 1311878272 0.071585059 0.084945
2964.329998 1311878272 0.076965837 0.08913
2964.420277 1311878272 0.073051075 0.086574
2964.507873 1311878272 0.073453716 0.086307
2964.595359 1311878272 0.06790826 0.080775
2964.6772 1311878272 0.07341077 0.086327
2964.764739 1311878272 0.068609313 0.08455
2964.850445 1311878272 0.069246141 0.081807
2964.933345 1311878272 0.072159676 0.085281
2965.020259 1311878272 0.066270076 0.079962
2965.101323 1311878272 0.066007632 0.078841
2965.181371 1311878272 0.070903653 0.085527
2965.26793 1311878272 0.073587705 0.086576
2965.355759 1311878272 0.072121594 0.085529
2965.442377 1311878272 0.06445755 0.077334
2965.520903 1311878272 0.075846076 0.088909
2965.610859 1311878272 0.065604671 0.07847
2965.690526 1311878272 0.07872812 0.091902
2965.78357 1311878272 0.070333803 0.083249
2965.867984 1311878272 0.069837046 0.083566
2965.952613 1311878272 0.080969497 0.093659
2966.047503 1311878272 0.069820918 0.084598
2966.133153 1311878272 0.072857337 0.085093
2966.219317 1311878272 0.075925598 0.088346
2966.309151 1311878272 0.069647661 0.083251
2966.393447 1311878272 0.06776054 0.08089
2966.475467 1311878272 0.084235815 0.098238
2966.574827 1311878272 0.072077495 0.08515
2966.661183 1311878272 0.067470702 0.081249
2966.743867 1311878272 0.064210081 0.07832
2966.82328 1311878272 0.062744897 0.075898
2966.900301 1311878272 0.068150764 0.081474
2966.982874 1311878272 0.070547635 0.08325
2967.067319 1311878272 0.07526064 0.089767
2967.158198 1311878272 0.06770716 0.08045
2967.240575 1311878272 0.074656805 0.088555
2967.330247 1311878272 0.063553412 0.078527
2967.409832 1311878272 0.076531447 0.089563
2967.500501 1311878272 0.06574858 0.078446
2967.580075 1311878272 0.068748421 0.083475
2967.664654 1311878272 0.068175979 0.080961
2967.746781 1311878272 0.06227038 0.07478
2967.822643 1311878272 0.065583964 0.078443
2967.902126 1311878272 0.082505209 0.095301
2967.998697 1311878272 0.077193555 0.089849
2968.089624 1311878272 0.063556451 0.078271
2968.168986 1311878272 0.072996157 0.085798
2968.255856 1311878272 0.149537107 0.162371
2968.41942 1311878272 0.122430684 0.135162
2968.555821 1311878272 0.174588304 0.189475
2968.746663 1311878272 0.139080844 0.152993
2968.900802 1311878272 0.12730027 0.140016
2969.041948 1311878272 0.173612325 0.185783
2969.229021 1311878272 0.076115395 0.089119
2969.319729 1311878272 0.072757041 0.085353
2969.406209 1311878272 0.080432606 0.093267
2969.500598 1311878272 0.068160362 0.080704
2969.582366 1311878272 0.082959755 0.096714
2969.68024 1311878272 0.071367925 0.08403
2969.765288 1311878272 0.068601148 0.081285
2969.84781 1311878272 0.074027399 0.087451
2969.936475 1311878272 0.07461552 0.088397
2970.025814 1311878272 0.073870465 0.087093
2970.114021 1311878272 0.065977194 0.078708
2970.19379 1311878272 0.074509052 0.08703
2970.282065 1311878272 0.075376865 0.089499
2970.372716 1311878272 0.073276487 0.087797
2970.461554 1311878272 0.073036444 0.086065
2970.549028 1311878272 0.070925249 0.084327
2970.634493 1311878272 0.075016401 0.087529
2970.723169 1311878272 0.073909505 0.087444
2970.811768 1311878272 0.073218659 0.087434
2970.900388 1311878272 0.080061804 0.092983
2970.99443 1311878272 0.077867533 0.091012
2971.086491 1311878272 0.085246284 0.099539
2971.187169 1311878272 0.076725243 0.089352
2971.277554 1311878272 0.069086961 0.081664
2971.360301 1311878272 0.068816932 0.081152
2971.442641 1311878272 0.074429943 0.08784
2971.531972 1311878272 0.071421813 0.085368
2971.618448 1311878272 0.076224389 0.08943
2971.709037 1311878272 0.083251285 0.097373
2971.807458 1311878272 0.070316965 0.085167
2971.893727 1311878272 0.067335844 0.081188
2971.976138 1311878272 0.077398903 0.092046
2972.069673 1311878272 0.068200169 0.082011
2972.152843 1311878272 0.084808856 0.097652
2972.251695 1311878272 0.070322021 0.085345
2972.338206 1311878272 0.082666459 0.097793
2972.437242 1311878272 0.080343543 0.093623
2972.531888 1311878272 0.066703177 0.08113
2972.614198 1311878272 0.073394409 0.087521
2972.702848 1311878272 0.074696162 0.087986
2972.791931 1311878272 0.069806382 0.08294
2972.875891 1311878272 0.073720247 0.087995
2972.965059 1311878272 0.074334002 0.087837
2973.054046 1311878272 0.078798962 0.091555
2973.146706 1311878272 0.067611086 0.082322
2973.23014 1311878272 0.068240618 0.08138
2973.312651 1311878272 0.074547706 0.0891
2973.40268 1311878272 0.080306068 0.093538
2973.497362 1311878272 0.069568899 0.082991
2973.581408 1311878272 0.076280837 0.090233
2973.67279 1311878272 0.079843199 0.092771
2973.767669 1311878272 0.080153772 0.093344
2973.862043 1311878272 0.078009263 0.090839
2973.953907 1311878272 0.07345201 0.087274
2974.042622 1311878272 0.082579989 0.096186
2974.139877 1311878272 0.084385475 0.097086
2974.238471 1311878272 0.069412956 0.082233
2974.322251 1311878272 0.087617679 0.100173
2974.423625 1311878272 0.078144693 0.090751
2974.515416 1311878272 0.07473549 0.088166
2974.604682 1311878272 0.0736853 0.088395
2974.694226 1311878272 0.0789734 0.091824
2974.787188 1311878272 0.074878471 0.08792
2974.876295 1311878272 0.071605754 0.085742
2974.963238 1311878272 0.071157798 0.083706
2975.048176 1311878272 0.082868161 0.095317
2975.144732 1311878272 0.076145694 0.090674
2975.236544 1311878272 0.078071249 0.091912
2975.329563 1311878272 0.077339313 0.093098
2975.423862 1311878272 0.074222698 0.087957
2975.513267 1311878272 0.072245941 0.085867
2975.600291 1311878272 0.07683273 0.089215
2975.690569 1311878272 0.077856935 0.09087
2975.782389 1311878272 0.078217238 0.091261
2975.875019 1311878272 0.074679037 0.08704
2975.96313 1311878272 0.073853241 0.08806
2976.052318 1311878272 0.073517803 0.086269
2976.139672 1311878272 0.070022292 0.082578
2976.223381 1311878272 0.076319844 0.088653
2976.313181 1311878272 0.075022188 0.08781
2976.402218 1311878272 0.072191314 0.086425
2976.489659 1311878272 0.07295781 0.086761
2976.577569 1311878272 0.069141709 0.084927
2976.663718 1311878272 0.079449514 0.092467
2976.757444 1311878272 0.072531968 0.086056
2976.844677 1311878272 0.071440144 0.084465
2976.930395 1311878272 0.072650725 0.086097
2977.017651 1311878272 0.070826293 0.0835
2977.102281 1311878272 0.074145669 0.086934
2977.19037 1311878272 0.062950369 0.077967
2977.269842 1311878272 0.07374514 0.086258
2977.357397 1311878272 0.069087755 0.082855
2977.441367 1311878272 0.075892401 0.08804
2977.530532 1311878272 0.07606028 0.088516
2977.620337 1311878272 0.067430242 0.08115
2977.70266 1311878272 0.070123158 0.084205
2977.788052 1311878272 0.078205652 0.090364
2977.87949 1311878272 0.074791488 0.087439
2977.968118 1311878272 0.07510235 0.087809
2978.057106 1311878272 0.086071112 0.098416
2978.156674 1311878272 0.069943919 0.082524
2978.240383 1311878272 0.067785521 0.081277
2978.322816 1311878272 0.064974232 0.079992
2978.403808 1311878272 0.071949958 0.084245
2978.489151 1311878272 0.075428828 0.088669
2978.579309 1311878272 0.069672995 0.081758
2978.662169 1311878272 0.069833257 0.084078
2978.747464 1311878272 0.064967479 0.077069
2978.825616 1311878272 0.069207214 0.083104
2978.909658 1311878272 0.072247537 0.084784
2978.996157 1311878272 0.071006715 0.083198
2979.080524 1311878272 0.078719624 0.091775
2979.173527 1311878272 0.075044714 0.087252
2979.261813 1311878272 0.077638106 0.091454
2979.354189 1311878272 0.077203559 0.089711
2979.445024 1311878272 0.066130185 0.07861
2979.524906 1311878272 0.070691246 0.083249
2979.609293 1311878272 0.068196481 0.082001
2979.692391 1311878272 0.069489305 0.082517
2979.776261 1311878272 0.077208935 0.090188
2979.867534 1311878272 0.077779007 0.091559
2979.960334 1311878272 0.065984226 0.07833
2980.040309 1311878272 0.075240914 0.089797
2980.131269 1311878272 0.073200793 0.086834
2980.219204 1311878272 0.083537592 0.096466
2980.316804 1311878272 0.075588801 0.089894
2980.407791 1311878272 0.074301864 0.087025
2980.496068 1311878272 0.075235889 0.090708
2980.587903 1311878272 0.085308612 0.098358
2980.687706 1311878272 0.079770676 0.093643
2980.782518 1311878272 0.070415488 0.084615
2980.868282 1311878272 0.078102348 0.091074
2980.960586 1311878272 0.080245033 0.094174
2981.055801 1311878272 0.075484027 0.08972
2981.146683 1311878272 0.081386394 0.094309
2981.242074 1311878272 0.072854282 0.085803
2981.329182 1311878272 0.074251717 0.089115
2981.41946 1311878272 0.075434328 0.088731
2981.509328 1311878272 0.080859651 0.09326
2981.603964 1311878272 0.076203129 0.089748
2981.695789 1311878272 0.080407086 0.092856
2981.789754 1311878272 0.075610207 0.088474
2981.879565 1311878272 0.081200529 0.094405
2981.9751 1311878272 0.072122633 0.086993
2982.06329 1311878272 0.079765779 0.094956
2982.159263 1311878272 0.073385023 0.08586
2982.246405 1311878272 0.07267056 0.086165
2982.333673 1311878272 0.084342456 0.0975
2982.432444 1311878272 0.07208884 0.086264
2982.519773 1311878272 0.071792282 0.084166
2982.605232 1311878272 0.076793425 0.089559
2982.69607 1311878272 0.077553202 0.090165
2982.787244 1311878272 0.080715482 0.093176
2982.881569 1311878272 0.074823964 0.089555
2982.97248 1311878272 0.068900253 0.081251
2983.054785 1311878272 0.084000968 0.096498
2983.152762 1311878272 0.069746209 0.083121
2983.236898 1311878272 0.084438939 0.096749
2983.334671 1311878272 0.073671786 0.087057
2983.422924 1311878272 0.073194486 0.085651
2983.509934 1311878272 0.067606245 0.080066
2983.591087 1311878272 0.074020057 0.088548
2983.680796 1311878272 0.074684757 0.089885
2983.771767 1311878272 0.073119794 0.086713
2983.859645 1311878272 0.072276813 0.084795
2983.945922 1311878272 0.078941005 0.092906
2984.039929 1311878272 0.085438917 0.099306
2984.140327 1311878272 0.070632038 0.083546
2984.225075 1311878272 0.07127325 0.084195
2984.310436 1311878272 0.076628937 0.091791
2984.403296 1311878272 0.085323552 0.097514
2984.501911 1311878272 0.071972704 0.085587
2984.588893 1311878272 0.073486081 0.087347
2984.677275 1311878272 0.076209654 0.0887
2984.766971 1311878272 0.070164434 0.082346
2984.85053 1311878272 0.078871241 0.093231
2984.944933 1311878272 0.075636317 0.089493
2985.035455 1311878272 0.073558211 0.086547
2985.123157 1311878272 0.077782554 0.092141
2985.216373 1311878272 0.073784814 0.086613
2985.303944 1311878272 0.071186173 0.086511
2985.391558 1311878272 0.078818759 0.092378
2985.485107 1311878272 0.074749143 0.087052
2985.573301 1311878272 0.079034832 0.092303
2985.666967 1311878272 0.073548098 0.087328
2985.755555 1311878272 0.077277059 0.09043
2985.847492 1311878272 0.081028036 0.093278
2985.941943 1311878272 0.072464371 0.084993
2986.028233 1311878272 0.072042657 0.085189
2986.114614 1311878272 0.086555827 0.099531
2986.215379 1311878272 0.070001577 0.081839
2986.298247 1311878272 0.074382502 0.088007
2986.387366 1311878272 0.074593647 0.086978
2986.475353 1311878272 0.073738635 0.086583
2986.563133 1311878272 0.071739892 0.084374
2986.648606 1311878272 0.086099486 0.100956
2986.750678 1311878272 0.076094895 0.088487
2986.840296 1311878272 0.07872784 0.09322
2986.934606 1311878272 0.072811266 0.085535
2987.021265 1311878272 0.081645247 0.094575
2987.116926 1311878272 0.077746806 0.090747
2987.208733 1311878272 0.069232712 0.082183
2987.292078 1311878272 0.073216339 0.086958
2987.380294 1311878272 0.077102138 0.089279
2987.471001 1311878272 0.073720104 0.087556
2987.559553 1311878272 0.068530505 0.081655
2987.642269 1311878272 0.077361892 0.090095
2987.733482 1311878272 0.076057133 0.090195
2987.824948 1311878272 0.073942769 0.088721
2987.91471 1311878272 0.077529547 0.090564
2988.006399 1311878272 0.075656411 0.089871
2988.097366 1311878272 0.077511019 0.090444
2988.188997 1311878272 0.088804465 0.101299
2988.291325 1311878272 0.068289022 0.083776
2988.376304 1311878272 0.071375234 0.084646
2988.462075 1311878272 0.069254056 0.081878
2988.545085 1311878272 0.079272278 0.091538
2988.637693 1311878272 0.072681178 0.086687
2988.725478 1311878272 0.076093004 0.089112
2988.815533 1311878272 0.078063522 0.090311
2988.906995 1311878272 0.076841965 0.093245
2989.001692 1311878272 0.070001894 0.082778
2989.08558 1311878272 0.069315881 0.081771
2989.168378 1311878272 0.067287218 0.080316
2989.249714 1311878272 0.061623422 0.073817
2989.324621 1311878272 0.067415543 0.079472
2989.405067 1311878272 0.064056519 0.077833
2989.483925 1311878272 0.065382015 0.077575
2989.562504 1311878272 0.072593334 0.087284
2989.650988 1311878272 0.068892822 0.081867
2989.733988 1311878272 0.06835731 0.080411
2989.815524 1311878272 0.070320787 0.082515
2989.898997 1311878272 0.061908169 0.074839
2989.975232 1311878272 0.071402082 0.083735
2990.060313 1311878272 0.074867639 0.08888
2990.150248 1311878272 0.078015263 0.091091
2990.242397 1311878272 0.067626751 0.07997
2990.32381 1311878272 0.061512024 0.076664
2990.401564 1311878272 0.073991665 0.086433
2990.489001 1311878272 0.069430509 0.084377
2990.574751 1311878272 0.06439746 0.076882
2990.65268 1311878272 0.065240951 0.079791
2990.733498 1311878272 0.067155402 0.08045
2990.81495 1311878272 0.075910531 0.089577
2990.905586 1311878272 0.066207521 0.078647
2990.985573 1311878272 0.069133887 0.082456
2991.06899 1311878272 0.063825979 0.076032
2991.146065 1311878272 0.063502348 0.075678
2991.223102 1311878272 0.065311867 0.077441
2991.301603 1311878272 0.063475628 0.076603
2991.379202 1311878272 0.062198549 0.07455
2991.454693 1311878272 0.067351795 0.079498
2991.535193 1311878272 0.064895593 0.07702
2991.613272 1311878272 0.073307762 0.085388
2991.69974 1311878272 0.063152989 0.075297
2991.776069 1311878272 0.071285083 0.084919
2991.86215 1311878272 0.067886377 0.080049
2991.94332 1311878272 0.069170847 0.081531
2992.025981 1311878272 0.065328827 0.078859
2992.105999 1311878272 0.068317371 0.081101
2992.188294 1311878272 0.08959403 0.103389
2992.292749 1311878272 0.07019998 0.083881
2992.377826 1311878272 0.074721198 0.087406
2992.466646 1311878272 0.077946874 0.091102
2992.558952 1311878272 0.08075253 0.093863
2992.653816 1311878272 0.068220502 0.080561
2992.735703 1311878272 0.065865137 0.079246
2992.815972 1311878272 0.073680417 0.085805
2992.903293 1311878272 0.074345213 0.087213
2992.991569 1311878272 0.080382881 0.092908
2993.085516 1311878272 0.0664987 0.079093
2993.165796 1311878272 0.074295739 0.088803
2993.255657 1311878272 0.069275172 0.082729
2993.339497 1311878272 0.071090738 0.083681
2993.424285 1311878272 0.075522608 0.090109
2993.515464 1311878272 0.070294287 0.083079
2993.599611 1311878272 0.065503809 0.07804
2993.6787 1311878272 0.064260171 0.076481
2993.75646 1311878272 0.076307153 0.090417
2993.84815 1311878272 0.070914185 0.085491
2993.934672 1311878272 0.078427532 0.091226
2994.027041 1311878272 0.072171135 0.086177
2994.114273 1311878272 0.068974517 0.081314
2994.197098 1311878272 0.081516433 0.096321
2994.29451 1311878272 0.068763436 0.082419
2994.377884 1311878272 0.064290924 0.077267
2994.456298 1311878272 0.071989239 0.084491
2994.54186 1311878272 0.066959487 0.079465
2994.622441 1311878272 0.07381114 0.086408
2994.709967 1311878272 0.068697993 0.081188
2994.792374 1311878272 0.064378287 0.078242
2994.871687 1311878272 0.069951359 0.083128
2994.956318 1311878272 0.06909353 0.082902
2995.040319 1311878272 0.075938016 0.088492
2995.129944 1311878272 0.074686538 0.088374
2995.219551 1311878272 0.065342777 0.078125
2995.298832 1311878272 0.065307543 0.077915
2995.377795 1311878272 0.070266444 0.083718
2995.462606 1311878272 0.067399345 0.080078
2995.543815 1311878272 0.075755352 0.088538
2995.633517 1311878272 0.07331099 0.087935
2995.722504 1311878272 0.079022628 0.094007
2995.817617 1311878272 0.070610522 0.083264
2995.901904 1311878272 0.074866033 0.087624
2995.990633 1311878272 0.073897703 0.086762
2996.078503 1311878272 0.07693777 0.089769
2996.169392 1311878272 0.071701544 0.084506
2996.254972 1311878272 0.073188329 0.085996
2996.342043 1311878272 0.071234292 0.084054
2996.427362 1311878272 0.071713737 0.084438
2996.512989 1311878272 0.065581345 0.078417
2996.592425 1311878272 0.077051214 0.089704
2996.683132 1311878272 0.073601753 0.086368
2996.770647 1311878272 0.07173313 0.085002
2996.857496 1311878272 0.071931474 0.085701
2996.944279 1311878272 0.077992215 0.091418
2997.036831 1311878272 0.075977536 0.089478
2997.127423 1311878272 0.080508002 0.094991
2997.223565 1311878272 0.070312397 0.085378
2997.309997 1311878272 0.070323437 0.084299
2997.395975 1311878272 0.069846136 0.083163
2997.48031 1311878272 0.065464604 0.078669
2997.560146 1311878272 0.076779106 0.090696
2997.651865 1311878272 0.07010333 0.083074
2997.736135 1311878272 0.065612322 0.080162
2997.817229 1311878272 0.077942515 0.091813
2997.910152 1311878272 0.068357239 0.083491
2997.994667 1311878272 0.075338083 0.088341
2998.084067 1311878272 0.068635683 0.081681
2998.166738 1311878272 0.081439497 0.096547
2998.26451 1311878272 0.076888486 0.090811
2998.356522 1311878272 0.076113636 0.08944
2998.447237 1311878272 0.076242026 0.090105
2998.538406 1311878272 0.072677392 0.086597
2998.626098 1311878272 0.07356735 0.08744
2998.714684 1311878272 0.07999281 0.093829
2998.809651 1311878272 0.078781334 0.093493
2998.904284 1311878272 0.074868302 0.089921
2998.995251 1311878272 0.073997928 0.087927
2999.084296 1311878272 0.077660582 0.091242
2999.176678 1311878272 0.07896915 0.09435
2999.272203 1311878272 0.072609133 0.085904
2999.359175 1311878272 0.076390479 0.089756
2999.450023 1311878272 0.07207711 0.085736
2999.536965 1311878272 0.068935632 0.08203
2999.620645 1311878272 0.076362669 0.090669
2999.712419 1311878272 0.074483196 0.088244
2999.801793 1311878272 0.075006483 0.088409
2999.891702 1311878272 0.072371489 0.086411
2999.979211 1311878272 0.071883789 0.084855
3000.065431 1311878272 0.074505597 0.088324
3000.154973 1311878272 0.072220795 0.084883
3000.240906 1311878272 0.067031389 0.079508
3000.321539 1311878272 0.083076973 0.095567
3000.418505 1311878272 0.072355873 0.085652
3000.505171 1311878272 0.07380752 0.086608
3000.592883 1311878272 0.073423534 0.08696
3000.680992 1311878272 0.069367552 0.081858
3000.764123 1311878272 0.069444355 0.082055
3000.847243 1311878272 0.069793906 0.082402
3000.930753 1311878272 0.095627142 0.108495
3001.040289 1311878272 0.067940419 0.08068
3001.122126 1311878272 0.075455429 0.089199
3001.212556 1311878272 0.079984807 0.092698
3001.306455 1311878272 0.068539613 0.081952
3001.38939 1311878272 0.067444302 0.080768
3001.471816 1311878272 0.067172545 0.08029
3001.553149 1311878272 0.068164813 0.080777
3001.635018 1311878272 0.083698854 0.096194
3001.732317 1311878272 0.082411758 0.096453
3001.830249 1311878272 0.074282385 0.088527
3001.919904 1311878272 0.070086686 0.084651
3002.005593 1311878272 0.069001679 0.082249
3002.08906 1311878272 0.07418571 0.086722
3002.177044 1311878272 0.071053991 0.085022
3002.263869 1311878272 0.07731378 0.090351
3002.355583 1311878272 0.074689923 0.087595
3002.444423 1311878272 0.067108734 0.080347
3002.525842 1311878272 0.067743097 0.081289
3002.608797 1311878272 0.066607529 0.079794
3002.689791 1311878272 0.067417642 0.080427
3002.771202 1311878272 0.065613854 0.077742
3002.850145 1311878272 0.073535057 0.086286
3002.937598 1311878272 0.06983621 0.081996
3003.020877 1311878272 0.06671598 0.080585
3003.102603 1311878272 0.075762417 0.089833
3003.193521 1311878272 0.07364079 0.086981
3003.281681 1311878272 0.0711883 0.085287
3003.368087 1311878272 0.0672753 0.079874
3003.449157 1311878272 0.073020219 0.085855
3003.536213 1311878272 0.066087985 0.079211
3003.616583 1311878272 0.070860926 0.083352
3003.700984 1311878272 0.070287269 0.083521
3003.786608 1311878272 0.069879731 0.083471
3003.871441 1311878272 0.0715807 0.085379
3003.957947 1311878272 0.067504269 0.079619
3004.038759 1311878272 0.070703191 0.083656
3004.124468 1311878272 0.069651401 0.083221
3004.208905 1311878272 0.065615868 0.078277
3004.288293 1311878272 0.078245817 0.09089
3004.380748 1311878272 0.067899838 0.08228
3004.464194 1311878272 0.07059717 0.082925
3004.548441 1311878272 0.070830268 0.083356
3004.632946 1311878272 0.06493059 0.077217
3004.711386 1311878272 0.082800252 0.095826
3004.808259 1311878272 0.070314565 0.082966
3004.892541 1311878272 0.073142718 0.08595
3004.979567 1311878272 0.069635976 0.081845
3005.062639 1311878272 0.074056261 0.088154
3005.151866 1311878272 0.075411039 0.090741
3005.243676 1311878272 0.076525103 0.089569
3005.334321 1311878272 0.07212901 0.085052
3005.420478 1311878272 0.071923689 0.08413
3005.50572 1311878272 0.070268867 0.083755
3005.590505 1311878272 0.087491172 0.100335
3005.691965 1311878272 0.072401694 0.084628
3005.778121 1311878272 0.072040365 0.084098
3005.863256 1311878272 0.070699412 0.08289
3005.947342 1311878272 0.07923453 0.09247
3006.040854 1311878272 0.076649844 0.088812
3006.130755 1311878272 0.06608107 0.079886
3006.211871 1311878272 0.075070735 0.087578
3006.300718 1311878272 0.075239031 0.088146
3006.389998 1311878272 0.074824646 0.089031
3006.480299 1311878272 0.071713344 0.083886
3006.565336 1311878272 0.06543381 0.078392
3006.644878 1311878272 0.083580795 0.09689
3006.742737 1311878272 0.080865255 0.093258
3006.837253 1311878272 0.069670055 0.084082
3006.922725 1311878272 0.07462582 0.086993
3007.010883 1311878272 0.0895647 0.10373
3007.115664 1311878272 0.075137522 0.088879
3007.205884 1311878272 0.065271435 0.078655
3007.285642 1311878272 0.069838158 0.083736
3007.370834 1311878272 0.077230699 0.090157
3007.462054 1311878272 0.068209736 0.08105
3007.544262 1311878272 0.065483828 0.079193
3007.624509 1311878272 0.067513098 0.081469
3007.707337 1311878272 0.092253485 0.105909
3007.814254 1311878272 0.072383003 0.084882
3007.900188 1311878272 0.066132783 0.07945
3007.980751 1311878272 0.066546145 0.080526
3008.062279 1311878272 0.06783228 0.080371
3008.143717 1311878272 0.071707518 0.086367
3008.231286 1311878272 0.064693522 0.078085
3008.310359 1311878272 0.068687516 0.081156
3008.392701 1311878272 0.06452881 0.077673
3008.4714 1311878272 0.064785301 0.079994
3008.552577 1311878272 0.075479295 0.087888
3008.641397 1311878272 0.063736264 0.076021
3008.71853 1311878272 0.066916271 0.0794
3008.799102 1311878272 0.070402181 0.083772
3008.883909 1311878272 0.063120429 0.07541
3008.960588 1311878272 0.062670426 0.076152
3009.038229 1311878272 0.068176869 0.081976
3009.121169 1311878272 0.068241448 0.082222
3009.204599 1311878272 0.069044267 0.081459
3009.287124 1311878272 0.069010025 0.083552
3009.3721 1311878272 0.065267498 0.078004
3009.45117 1311878272 0.068014399 0.080567
3009.532905 1311878272 0.063615682 0.076162
3009.610104 1311878272 0.064454406 0.077024
3009.688322 1311878272 0.061625133 0.07494
3009.764687 1311878272 0.071501203 0.083959
3009.849634 1311878272 0.06502803 0.07749
3009.928106 1311878272 0.064287871 0.076865
3010.006051 1311878272 0.063104395 0.07579
3010.082926 1311878272 0.065184293 0.077844
3010.161882 1311878272 0.062274664 0.076598
3010.239521 1311878272 0.068252712 0.081202
3010.321912 1311878272 0.06454545 0.07838
3010.401265 1311878272 0.079095128 0.093429
3010.495765 1311878272 0.068896835 0.081909
3010.578823 1311878272 0.074949031 0.087989
3010.668113 1311878272 0.073077141 0.090064
3010.759383 1311878272 0.065445295 0.080141
3010.840749 1311878272 0.066306196 0.080642
3010.922489 1311878272 0.070875927 0.086862
3011.0106 1311878272 0.072891598 0.087616
3011.099281 1311878272 0.068135426 0.081471
3011.181958 1311878272 0.068223558 0.081962
3011.265119 1311878272 0.068043422 0.081516
3011.347824 1311878272 0.067803892 0.08277
3011.431805 1311878272 0.07592952 0.090076
3011.523144 1311878272 0.065817439 0.078784
3011.60325 1311878272 0.070919832 0.083899
3011.688309 1311878272 0.061672909 0.076858
3011.766143 1311878272 0.075921454 0.088357
3011.855571 1311878272 0.069255985 0.083082
3011.940261 1311878272 0.066469818 0.079336
3012.020757 1311878272 0.067865206 0.080604
3012.102331 1311878272 0.061446115 0.073994
3012.177379 1311878272 0.065471344 0.078226
3012.256598 1311878272 0.070956857 0.08383
3012.341659 1311878272 0.071419246 0.086181
3012.429266 1311878272 0.069477147 0.082941
3012.513276 1311878272 0.066663682 0.079766
3012.594102 1311878272 0.065616277 0.079352
3012.674557 1311878272 0.07159874 0.084623
3012.760316 1311878272 0.063509467 0.076108
3012.837537 1311878272 0.067213401 0.080444
3012.919252 1311878272 0.071629366 0.08459
3013.00513 1311878272 0.067193304 0.079891
3013.086083 1311878272 0.071961988 0.085417
3013.172641 1311878272 0.06082308 0.073544
3013.247198 1311878272 0.062929954 0.076504
3013.324881 1311878272 0.075535709 0.090253
3013.416298 1311878272 0.069683106 0.08416
3013.501533 1311878272 0.062067485 0.074739
3013.57728 1311878272 0.073518886 0.086105
3013.66442 1311878272 0.075403222 0.088093
3013.753635 1311878272 0.074606804 0.087792
3013.842826 1311878272 0.072012901 0.085728
3013.929714 1311878272 0.067309788 0.080602
3014.011411 1311878272 0.063202509 0.076966
3014.089431 1311878272 0.064954167 0.078218
3014.168697 1311878272 0.066363059 0.080885
3014.250712 1311878272 0.065679703 0.078869
3014.330668 1311878272 0.066200045 0.079274
3014.410891 1311878272 0.06409493 0.077843
3014.489784 1311878272 0.071216259 0.084456
3014.576053 1311878272 0.061560519 0.074609
3014.652074 1311878272 0.071041307 0.085075
3014.738139 1311878272 0.063627262 0.076836
3014.816166 1311878272 0.061272186 0.075339
3014.892634 1311878272 0.068215554 0.08395
3014.977883 1311878272 0.066017796 0.080552
3015.059946 1311878272 0.063820486 0.078168
3015.139377 1311878272 0.067279674 0.080603
3015.221237 1311878272 0.066621534 0.079823
3015.302571 1311878272 0.068573234 0.081861
3015.385389 1311878272 0.069180043 0.085085
3015.471703 1311878272 0.06418415 0.078829
3015.551613 1311878272 0.065349 0.080218
3015.633012 1311878272 0.067730861 0.0808
3015.715026 1311878272 0.068096957 0.08118
3015.797511 1311878272 0.068239042 0.081486
3015.880095 1311878272 0.065825051 0.081332
3015.962826 1311878272 0.063851655 0.077805
3016.041655 1311878272 0.063822309 0.079478
3016.122244 1311878272 0.065289892 0.078542
3016.20198 1311878272 0.062362887 0.076712
3016.279794 1311878272 0.064431839 0.077676
3016.358898 1311878272 0.066288655 0.079537
3016.439492 1311878272 0.070835889 0.086306
3016.526866 1311878272 0.080965858 0.093776
3016.621748 1311878272 0.100239 0.113267
3016.736323 1311878272 0.091813552 0.104264
3016.842006 1311878272 0.107689781 0.120649
3016.963839 1311878272 0.107007512 0.119568
3017.084874 1311878272 0.094100465 0.108946
3017.195278 1311878272 0.097791087 0.111551
3017.308127 1311878272 0.098635443 0.113714
3017.422954 1311878272 0.095154079 0.107688
3017.531841 1311878272 0.091872883 0.105915
3017.638764 1311878272 0.092766967 0.105454
3017.745303 1311878272 0.089439625 0.103827
3017.850171 1311878272 0.087068516 0.100284
3017.951589 1311878272 0.090236715 0.103811
3018.05673 1311878272 0.088142162 0.101695
3018.159619 1311878272 0.096578266 0.110162
3018.270862 1311878272 0.102440244 0.116496
3018.38853 1311878272 0.100926515 0.114405
3018.503871 1311878272 0.099090757 0.111617
3018.61665 1311878272 0.105999755 0.118457
3018.736121 1311878272 0.103177394 0.116754
3018.853864 1311878272 0.104193853 0.116771
3018.972085 1311878272 0.096515254 0.109145
3019.082417 1311878272 0.104044823 0.116571
3019.200245 1311878272 0.101572046 0.113659
3019.315109 1311878272 0.099523734 0.111738
3019.428471 1311878272 0.108011616 0.121406
3019.551083 1311878272 0.106227156 0.118772
3019.671176 1311878272 0.111008223 0.124567
3019.796931 1311878272 0.108075618 0.121418
3019.919402 1311878272 0.117677244 0.130846
3020.051435 1311878272 0.111532245 0.125257
3020.177796 1311878272 0.10868502 0.122077
3020.300899 1311878272 0.107464264 0.120137
3020.422098 1311878272 0.110484169 0.123657
3020.547001 1311878272 0.110800374 0.125558
3020.673574 1311878272 0.102480465 0.115387
3020.790077 1311878272 0.10491433 0.118407
3020.909629 1311878272 0.111651289 0.124653
3021.03535 1311878272 0.107195099 0.121206
3021.157631 1311878272 0.132230535 0.14705
3021.305782 1311878272 0.130749703 0.143464
3021.450547 1311878272 0.134909497 0.14812
3021.600053 1311878272 0.14899384 0.162673
3021.763715 1311878272 0.136788487 0.149138
3021.913961 1311878272 0.134809938 0.147976
3022.063035 1311878272 0.133729125 0.146397
3022.210595 1311878272 0.138798268 0.152415
3022.364416 1311878272 0.135912738 0.148653
3022.514121 1311878272 0.131788561 0.144786
3022.660198 1311878272 0.132701335 0.145559
3022.806862 1311878272 0.137047056 0.150013
3022.95795 1311878272 0.131754319 0.145137
3023.104227 1311878272 0.132305702 0.145247
3023.250515 1311878272 0.130557916 0.143435
3023.395063 1311878272 0.125267802 0.138268
3023.534492 1311878272 0.133886249 0.146762
3023.682603 1311878272 0.127286159 0.140252
3023.824522 1311878272 0.129790681 0.144436
3023.970099 1311878272 0.124211436 0.137965
3024.10918 1311878272 0.126140926 0.141283
3024.251594 1311878272 0.119985592 0.134241
3024.387264 1311878272 0.124397076 0.137384
3024.525679 1311878272 0.11756392 0.13121
3024.657923 1311878272 0.122208757 0.134996
3024.794201 1311878272 0.130869798 0.145264
3024.940912 1311878272 0.129137852 0.143751
3025.085729 1311878272 0.130714623 0.144019
3025.231069 1311878272 0.127909032 0.140665
3025.373436 1311878272 0.137346009 0.151414
3025.525968 1311878272 0.12365717 0.136957
3025.663992 1311878272 0.131501631 0.143945
3025.809225 1311878272 0.126911868 0.139734
3025.950113 1311878272 0.126412134 0.138804
3026.09004 1311878272 0.129062263 0.141334
3026.232539 1311878272 0.126641456 0.139109
3026.372886 1311878272 0.124750687 0.137471
3026.511426 1311878272 0.123891739 0.136814
3026.649701 1311878272 0.144244508 0.158346
3026.809249 1311878272 0.132945403 0.1469
3026.957178 1311878272 0.134517757 0.148316
3027.106519 1311878272 0.132057877 0.145376
3027.253257 1311878272 0.125921456 0.139958
3027.394418 1311878272 0.12292376 0.135675
3027.53119 1311878272 0.123465575 0.135994
3027.66832 1311878272 0.124889986 0.13746
3027.806868 1311878272 0.123034036 0.136211
3027.944216 1311878272 0.120695376 0.133129
3028.07856 1311878272 0.125414264 0.138248
3028.217921 1311878272 0.121664921 0.134765
3028.353828 1311878272 0.122496764 0.135452
3028.490439 1311878272 0.123127544 0.135741
3028.627287 1311878272 0.11813229 0.130623
3028.759006 1311878272 0.115234757 0.1277
3028.887728 1311878272 0.115236966 0.128748
3029.017567 1311878272 0.114495782 0.127109
3029.145691 1311878272 0.119110763 0.131608
3029.278348 1311878272 0.117617228 0.130024
3029.409548 1311878272 0.114762098 0.127225
3029.537918 1311878272 0.11843627 0.131741
3029.670787 1311878272 0.119647457 0.133437
3029.805301 1311878272 0.14264421 0.155171
3029.961494 1311878272 0.117833011 0.130117
3030.092737 1311878272 0.117593193 0.13067
3030.224905 1311878272 0.11164286 0.125859
3030.352057 1311878272 0.117305597 0.129871
3030.483158 1311878272 0.121306406 0.135921
3030.62023 1311878272 0.120365341 0.134536
3030.75592 1311878272 0.115737593 0.129148
3030.886351 1311878272 0.119468119 0.132286
3031.019746 1311878272 0.116000931 0.129156
3031.150072 1311878272 0.116969933 0.131179
3031.282274 1311878272 0.107323731 0.120428
3031.403811 1311878272 0.110980047 0.123535
3031.528514 1311878272 0.110279248 0.122909
3031.652528 1311878272 0.109767065 0.123121
3031.777199 1311878272 0.10333764 0.116142
3031.894529 1311878272 0.115154046 0.128565
3032.0243 1311878272 0.116069253 0.128726
3032.154116 1311878272 0.107703906 0.120643
3032.27606 1311878272 0.108107538 0.122187
3032.399394 1311878272 0.102641738 0.115408
3032.51642 1311878272 0.105547237 0.118408
3032.635934 1311878272 0.107087174 0.120697
3032.75774 1311878272 0.129682278 0.143019
3032.902198 1311878272 0.10154345 0.115075
3033.019063 1311878272 0.101845127 0.115278
3033.135493 1311878272 0.106490637 0.120075
3033.256687 1311878272 0.12649059 0.139683
3033.397573 1311878272 0.113207274 0.127545
3033.526162 1311878272 0.114666183 0.128091
3033.655387 1311878272 0.10866676 0.12195
3033.778642 1311878272 0.115132507 0.128325
3033.908298 1311878272 0.112247936 0.126466
3034.035924 1311878272 0.103752151 0.116857
3034.153913 1311878272 0.105859536 0.11826
3034.27328 1311878272 0.100903646 0.113521
3034.387941 1311878272 0.101203371 0.113522
3034.502496 1311878272 0.104551673 0.116925
3034.620528 1311878272 0.125153667 0.137489
3034.759057 1311878272 0.099573285 0.112131
3034.872496 1311878272 0.106072888 0.120011
3034.993666 1311878272 0.1040937 0.118159
3035.113068 1311878272 0.098920585 0.111511
3035.225713 1311878272 0.093428032 0.107165
3035.334112 1311878272 0.098834309 0.113155
3035.448604 1311878272 0.10108682 0.114931
3035.564838 1311878272 0.093988343 0.107656
3035.67362 1311878272 0.093339195 0.106979
3035.781739 1311878272 0.090783246 0.105175
3035.887917 1311878272 0.092393906 0.105149
3035.994273 1311878272 0.089204747 0.10257
3036.097913 1311878272 0.09049629 0.103594
3036.202582 1311878272 0.092213642 0.10637
3036.310052 1311878272 0.090749741 0.103338
3036.414944 1311878272 0.094508972 0.107187
3036.523232 1311878272 0.090052559 0.103591
3036.628258 1311878272 0.091637041 0.104841
3036.734327 1311878272 0.092549495 0.105791
3036.841468 1311878272 0.097394341 0.110383
3036.952886 1311878272 0.09956605 0.112766
3037.066786 1311878272 0.095798849 0.108514
3037.176861 1311878272 0.0955646 0.108729
3037.286729 1311878272 0.096151665 0.108993
3037.396808 1311878272 0.091874939 0.10454
3037.502482 1311878272 0.093015852 0.105858
3037.609712 1311878272 0.093597764 0.106539
3037.717351 1311878272 0.103484806 0.117519
3037.835895 1311878272 0.099921808 0.113251
3037.950346 1311878272 0.100972124 0.11521
3038.066757 1311878272 0.100367298 0.114464
3038.182391 1311878272 0.105320757 0.117949
3038.301435 1311878272 0.103025779 0.116072
3038.418999 1311878272 0.099396729 0.112107
3038.532513 1311878272 0.093716905 0.106551
3038.640268 1311878272 0.094174395 0.107251
3038.748637 1311878272 0.098206693 0.11079
3038.860641 1311878272 0.095488018 0.108
3038.969865 1311878272 0.095701179 0.108975
3039.079876 1311878272 0.091436774 0.10426
3039.185311 1311878272 0.109932918 0.124064
3039.310658 1311878272 3.401744429 3.414585
3042.726818 1311878272 6.576561648 6.588654
3049.317094 1311878272 0.106205771 0.119238
3049.437882 1311878272 0.091159343 0.104349
3049.543672 1311878272 0.091116365 0.103271
3049.64883 1311878272 0.089520745 0.102837
3049.752852 1311878272 0.085451421 0.098191
3049.852188 1311878272 0.086597165 0.100846
3049.954168 1311878272 0.083122555 0.096072
3050.051347 1311878272 0.080239073 0.092299
3050.144834 1311878272 0.082531265 0.096068
3050.242093 1311878272 0.101562438 0.113745
3050.356964 1311878272 0.06533137 0.077398
3050.435439 1311878272 0.070188215 0.084323
3050.521008 1311878272 0.0666064 0.079193
3050.601302 1311878272 0.065249734 0.078411
3050.680842 1311878272 0.067179384 0.079818
3050.761858 1311878272 0.066610239 0.081097
3050.844437 1311878272 0.065885473 0.079659
3050.925192 1311878272 0.063873964 0.076601
3051.003004 1311878272 0.07158709 0.085143
3051.089265 1311878272 0.063468762 0.07656
3051.167068 1311878272 0.06847835 0.08123
3051.249825 1311878272 0.067774736 0.080457
3051.33148 1311878272 0.064883222 0.077862
3051.410718 1311878272 0.068519568 0.081159
3051.493004 1311878272 0.073696683 0.086824
3051.581024 1311878272 0.069154794 0.082164
3051.664333 1311878272 0.065328873 0.077837
3051.744173 1311878272 0.063781383 0.078321
3051.823623 1311878272 0.065991172 0.078528
3051.903173 1311878272 0.064007281 0.076645
3051.981087 1311878272 0.065146433 0.078049
3052.060238 1311878272 0.066337171 0.078806
3052.140211 1311878272 0.065775067 0.080034
3052.221413 1311878272 0.064216729 0.077473
3052.299916 1311878272 0.062688601 0.075976
3052.377181 1311878272 0.063809864 0.077707
3052.455966 1311878272 0.06905383 0.08184
3052.538985 1311878272 0.06778328 0.080446
3052.620549 1311878272 0.06496764 0.077393
3052.698998 1311878272 0.063209262 0.076112
3052.776358 1311878272 0.064535014 0.077773
3052.855124 1311878272 0.221350759 0.234086
3053.090405 1311878272 0.069562746 0.081835
3053.173372 1311878272 0.065927617 0.078678
3053.253494 1311878272 0.068053275 0.080965
3181.268067 1311878400 0.074588233 0.088468
3181.357883 1311878400 0.061056096 0.074573
3181.433592 1311878400 0.061899778 0.074305
3181.508968 1311878400 0.068054718 0.080865
3181.590847 1311878400 0.070610023 0.084868
3181.676902 1311878400 0.113912272 0.128675
3181.806917 1311878400 0.099168789 0.111743
3181.919996 1311878400 0.066461149 0.079056
3182.000052 1311878400 0.089669937 0.10236
3182.10386 1311878400 0.066772489 0.080407
3182.18525 1311878400 0.062552893 0.075112
3182.261451 1311878400 0.067030804 0.080124
3182.342722 1311878400 0.060770004 0.073142
3182.417075 1311878400 0.063347646 0.075873
3182.494023 1311878400 0.061688569 0.075391
3182.57043 1311878400 0.063113331 0.075468
3182.646969 1311878400 0.064197024 0.076666
3182.724764 1311878400 0.065658107 0.078236
3182.804069 1311878400 0.065943495 0.078525
3182.883596 1311878400 0.061975685 0.07427
3182.958985 1311878400 0.062492441 0.076079
3183.036202 1311878400 0.064344965 0.076628
3183.113835 1311878400 0.064483275 0.076755
3183.191986 1311878400 0.06363812 0.076216
3183.269274 1311878400 0.061791934 0.073983
3183.344452 1311878400 0.060920218 0.073669
3183.41912 1311878400 0.065787744 0.078438
3183.498659 1311878400 0.069513881 0.08173
3183.581376 1311878400 0.064772119 0.077843
3183.660388 1311878400 0.063394494 0.075413
3183.736917 1311878400 0.067552168 0.079405
3183.817389 1311878400 0.067230427 0.079253
3183.897698 1311878400 0.068501807 0.081223
3183.979949 1311878400 0.170856613 0.183208
3184.164433 1311878400 0.08612435 0.100098
3184.265605 1311878400 0.253753759 0.266096
3184.532769 1311878400 0.373569852 0.385894
3184.920384 1311878400 0.121548037 0.13448
3185.05633 1311878400 0.089381763 0.101726
3185.159024 1311878400 0.089212412 0.10188
3185.262153 1311878400 0.167392373 0.179856
3185.443512 1311878400 0.068747064 0.081085
3185.52565 1311878400 0.121820048 0.136156
3185.663035 1311878400 0.105001504 0.119093
3185.783386 1311878400 0.094717532 0.108501
3185.893023 1311878400 0.090993764 0.103422
3185.997746 1311878400 0.093619311 0.106405
3186.105326 1311878400 0.092845296 0.106294
3186.213059 1311878400 0.09505697 0.107861
3186.321987 1311878400 0.092799726 0.105279
3186.428962 1311878400 0.096218137 0.110189
3186.54038 1311878400 0.09295058 0.105079
3186.646704 1311878400 0.092756395 0.10501
3186.75281 1311878400 0.097073179 0.109238
3186.863179 1311878400 0.091633885 0.103851
3186.96829 1311878400 0.094101122 0.107687
3187.077111 1311878400 0.103486465 0.117624
3187.196674 1311878400 0.104634288 0.117623
3187.315525 1311878400 0.100469766 0.114204
3187.430778 1311878400 0.112555155 0.125146
3187.557001 1311878400 0.115516011 0.127963
3187.685988 1311878400 0.112107616 0.124709
3187.811784 1311878400 0.110854637 0.123374
3187.936271 1311878400 0.111795987 0.125215
3188.06246 1311878400 0.105547861 0.118367
3188.18186 1311878400 0.104706674 0.11735
3188.300367 1311878400 0.105573621 0.118329
3188.419698 1311878400 0.107059634 0.119727
3188.540592 1311878400 0.10710002 0.119833
3188.66146 1311878400 0.106742532 0.1193
3188.781835 1311878400 0.111307871 0.123944
3188.906954 1311878400 0.107610951 0.120769
3189.029276 1311878400 0.102105639 0.114848
3189.145398 1311878400 0.11143226 0.124195
3189.27097 1311878400 0.123967139 0.136957
3189.409077 1311878400 0.124947723 0.137355
3189.547465 1311878400 0.12558026 0.138304
3189.687169 1311878400 0.126676336 0.139287
3189.827947 1311878400 0.123076062 0.135706
3189.964972 1311878400 0.132499966 0.144917
3190.110916 1311878400 0.130713877 0.143704
3190.255729 1311878400 0.126720754 0.140379
3190.397103 1311878400 0.121200337 0.133504
3190.531666 1311878400 0.122839987 0.135072
3190.667725 1311878400 0.111283131 0.123208
3190.792104 1311878400 0.11561374 0.127627
3190.920864 1311878400 0.11871809 0.130818
3191.052797 1311878400 0.117711426 0.129806
3191.183707 1311878400 0.110555453 0.122789
3191.307615 1311878400 0.108465384 0.120982
3191.429639 1311878400 0.130295299 0.142272
3191.573043 1311878400 0.107688392 0.119887
3191.694106 1311878400 0.11107701 0.123026
3191.81831 1311878400 0.111380671 0.12441
3191.943976 1311878400 0.1080013 0.121285
3192.066378 1311878400 0.111430816 0.123272
3192.190925 1311878400 0.106291727 0.119512
3192.311575 1311878400 0.111546117 0.124946
3192.438126 1311878400 0.102044162 0.115782
3192.555025 1311878400 0.104961112 0.117067
3192.673251 1311878400 0.107299767 0.121009
3192.795319 1311878400 0.10805711 0.121367
3192.91835 1311878400 0.108814997 0.121421
3193.040847 1311878400 0.106801507 0.118787
3193.16084 1311878400 0.107972274 0.120212
3193.282415 1311878400 0.11129449 0.124378
3193.407936 1311878400 0.10903139 0.121727
3193.530732 1311878400 0.102627737 0.114668
3193.646445 1311878400 0.10768135 0.119608
3193.767152 1311878400 0.101891034 0.114493
3193.882737 1311878400 0.123402054 0.136323
3194.020286 1311878400 0.100595556 0.112969
3194.13433 1311878400 0.103348469 0.115548
3194.250971 1311878400 0.110496376 0.122528
3194.374543 1311878400 0.107108174 0.119381
3194.495136 1311878400 0.109784443 0.122319
3194.618738 1311878400 0.145880729 0.15829
3194.778397 1311878400 0.086825298 0.099528
3194.879117 1311878400 0.094357254 0.106515
3194.986673 1311878400 0.09641737 0.109156
3195.097374 1311878400 0.097522854 0.110189
3195.208596 1311878400 0.092131146 0.104603
3195.314335 1311878400 0.101476136 0.113993
3195.429364 1311878400 0.098210563 0.110759
3195.541196 1311878400 0.097660556 0.109973
3195.652321 1311878400 0.09697128 0.109448
3195.762873 1311878400 0.095784959 0.108169
3195.87239 1311878400 0.097639242 0.10981
3195.983354 1311878400 0.149415464 0.161869
3196.14638 1311878400 0.092997965 0.105247
3196.252705 1311878400 0.09781685 0.110269
3196.364151 1311878400 0.099748 0.112244
3196.477488 1311878400 0.164683638 0.179465
3196.658477 1311878400 0.106196774 0.119845
3196.780104 1311878400 0.095666329 0.108647
3196.889928 1311878400 0.099315758 0.112159
3197.003201 1311878400 0.098098332 0.110765
3197.115247 1311878400 0.102938785 0.117516
3197.233901 1311878400 0.101724816 0.115907
3197.35087 1311878400 0.100065324 0.113333
3197.46587 1311878400 0.09656499 0.109703
3197.576854 1311878400 0.100776777 0.114533
3197.692622 1311878400 0.102997475 0.115692
3197.809317 1311878400 0.105404901 0.118418
3197.92884 1311878400 0.116169019 0.129694
