0.037513
0.027878
0.025771
0.025017
0.023945
0.024507
0.023859
0.023358
0.022412
0.022229
0.02204
0.022245
0.021348
0.021672
0.023985
0.021198
0.021659
0.021939
0.020933
0.021694
0.021726
0.021001
0.021761
0.023288
0.02201
0.020969
0.02164
0.021557
0.020985
0.021499
0.02154
0.020904
0.021509
0.021333
0.021103
0.021566
0.021539
0.02102
0.021487
0.021371
0.020746
0.021645
0.021389
0.02076
0.021245
0.021517
0.021153
0.021162
0.021359
0.021256
0.021135
0.021049
0.0209
0.021002
0.021011
0.020946
0.02097
0.020945
0.020933
0.020998
0.020912
0.020956
0.020856
0.020955
0.021149
0.020846
0.020814
0.020783
0.020797
0.020932
0.021059
0.020872
0.020844
0.020956
0.020792
0.020844
0.021415
0.021445
0.020554
0.020015
0.020091
0.020357
0.020198
0.019987
0.020226
0.02079
0.020384
0.020285
0.020839
0.020306
0.020322
0.020436
0.020539
0.020866
0.020591
0.020387
0.020467
0.020525
0.020384
0.020398
0.020882
0.020375
0.020384
0.020382
0.020385
0.02091
0.020344
0.020302
0.020333
0.020479
0.020315
0.02077
0.020457
0.020901
0.020507
0.02055
0.020521
0.020441
0.020337
0.020817
0.020328
0.020458
0.020415
0.020454
0.020274
0.020832
0.020441
0.022606
0.023044
0.021066
0.020924
0.021115
0.020854
0.020805
0.021048
0.021295
0.020948
0.021029
0.020485
0.020905
0.020908
0.020732
0.02089
0.021186
0.020254
0.020925
0.020895
0.020282
0.020852
0.020888
0.020268
0.020796
0.020831
0.020072
0.020724
0.0206
0.020191
0.020617
0.020521
0.020257
0.020626
0.020154
0.020807
0.020866
0.020042
0.020975
0.020896
0.020143
0.020761
0.020655
0.020075
0.020671
0.020683
0.020103
0.020793
0.021264
0.020759
0.021365
0.021244
0.020858
0.021378
0.021532
0.02139
0.021475
0.021348
0.021402
0.02158
0.021398
0.021389
0.021553
0.021448
0.020942
0.021792
0.021446
0.020934
0.021485
0.021728
0.020995
0.021544
0.021319
0.021369
0.021552
0.021535
0.020927
0.021953
0.021435
0.020857
0.021444
0.02146
0.021255
0.021438
0.021411
0.020704
0.021828
0.021341
0.020914
0.022723
0.021824
0.020967
0.021371
0.023103
0.020831
0.020925
0.020755
0.021158
0.020917
0.020839
0.020782
0.021047
0.020937
0.02106
0.020943
0.020913
0.020866
0.020957
0.020891
0.02093
0.020967
0.021059
0.020919
0.02099
0.020953
0.020859
0.020996
0.021022
0.020877
0.020975
0.020919
0.020979
0.020958
0.021095
0.021089
0.021
0.020962
0.02098
0.020946
0.023796
0.021087
0.021048
0.020911
0.02093
0.021159
0.021304
0.020991
0.021017
0.021363
0.021051
0.021011
0.023137
0.021304
0.021097
0.020998
0.020914
0.020878
0.02097
0.021391
0.020989
0.020978
0.020982
0.021296
0.020921
0.020969
0.020855
0.021065
0.02123
0.020836
0.020881
0.020817
0.021179
0.020864
0.021836
0.022894
0.021065
0.021152
0.020793
0.020939
0.020925
0.021015
0.021338
0.021018
0.022453
0.020978
0.020954
0.02102
0.021051
0.023143
0.021204
0.020884
0.020789
0.022256
0.020929
0.020823
0.020818
0.02089
0.020879
0.023299
0.020949
0.020897
0.020891
0.020968
0.020929
0.020885
0.020854
0.020922
0.020766
0.022362
0.020849
0.020874
0.02085
0.020766
0.020789
0.020816
0.02102
0.021165
0.020984
0.020976
0.02094
0.020853
0.021022
0.020993
0.021082
0.021041
0.021083
0.020998
0.021004
0.021048
0.02098
0.020947
0.021026
0.020937
0.020916
0.02346
0.021171
0.021115
0.021052
0.021325
0.021036
0.020976
0.023871
0.020948
0.023518
0.020986
0.021254
0.021102
0.023734
0.021546
0.021049
0.022077
0.021683
0.020852
0.02301
0.021521
0.020821
0.021398
0.021855
0.020928
0.0215
0.02167
0.021679
0.021013
0.021976
0.021624
0.020946
0.021597
0.021808
0.02103
0.021618
0.021985
0.02098
0.021506
0.021382
0.021436
0.021499
0.021084
0.02095
0.020943
0.020815
0.020867
0.020928
0.020878
0.021077
0.02095
0.020976
0.021018
0.020995
0.021009
0.020998
0.020837
0.020784
0.020917
0.020847
0.020851
0.021084
0.0209
0.020896
0.020905
0.020827
0.020812
0.02096
0.020959
0.02096
0.02325
0.021115
0.02102
0.020985
0.020988
0.020999
0.020963
0.020943
0.021014
0.020885
0.020938
0.020849
0.020829
0.020938
0.021308
0.020867
0.020894
0.020995
0.020858
0.020816
0.021004
0.021218
0.02086
0.020809
0.020902
0.021097
0.021062
0.020961
0.021398
0.021106
0.020869
0.021149
0.020854
0.020829
0.020856
0.021475
0.021029
0.020959
0.021026
0.02096
0.021178
0.020999
0.021048
0.021404
0.021135
0.020963
0.021199
0.020906
0.020904
0.020889
0.020967
0.021445
0.02094
0.020886
0.020929
0.021367
0.021018
0.020946
0.020988
0.021427
0.021098
0.021007
0.021025
0.021007
0.021388
0.021171
0.023319
0.021099
0.021405
0.021174
0.021596
0.022525
0.021
0.021037
0.020995
0.020948
0.020941
0.02144
0.020898
0.020779
0.020759
0.020859
0.020832
0.021099
0.020852
0.020916
0.020782
0.021187
0.020913
0.021046
0.020958
0.02089
0.020982
0.02347
0.021242
0.020989
0.020946
0.021315
0.021048
0.022296
0.022912
0.020465
0.020441
0.020946
0.02037
0.020324
0.020763
0.020417
0.020367
0.020782
0.020795
0.020358
0.020323
0.020749
0.020306
0.020387
0.020824
0.020356
0.020332
0.020382
0.020417
0.020315
0.020392
0.020451
0.020452
0.023879
0.020552
0.020463
0.020389
0.020467
0.020726
0.020334
0.020404
0.020438
0.02048
0.020798
0.020801
0.020357
0.020224
0.020968
0.020382
0.02085
0.020505
0.020785
0.020225
0.020287
0.021166
0.020245
0.020329
0.020351
0.020754
0.020815
0.020525
0.020594
0.020294
0.020353
0.020703
0.020234
0.020515
0.02067
0.020288
0.020276
0.020681
0.020603
0.02037
0.021094
0.020446
0.020274
0.020507
0.020777
0.020286
0.020355
0.020432
0.021027
0.020477
0.020269
0.020412
0.020325
0.020239
0.020313
0.022505
0.020382
0.020302
0.020333
0.020675
0.020259
0.02028
0.020538
0.020436
0.020488
0.020432
0.020262
0.020307
0.020395
0.020336
0.020461
0.020359
0.020245
0.020332
0.020293
0.020384
0.02041
0.020938
0.020981
0.020506
0.02048
0.020504
0.020437
0.020381
0.020314
0.020218
0.020243
0.020507
0.020617
0.020483
0.020542
0.0205
0.020453
0.020518
0.020385
0.020351
0.020422
0.020344
0.022391
0.020319
0.020327
0.020335
0.020414
0.020358
0.020393
0.020424
0.020476
0.020378
0.020339
0.020536
0.020467
0.020452
0.020468
0.020399
0.020375
0.020445
0.021191
0.02043
0.020849
0.020462
0.020419
0.020812
0.02038
0.020426
0.020823
0.020373
0.020394
0.020861
0.020512
0.020454
0.020376
0.02082
0.020452
0.020555
0.021315
0.020958
0.020405
0.020411
0.020933
0.020355
0.020247
0.020643
0.020354
0.020382
0.022896
0.020395
0.020358
0.020433
0.020663
0.020609
0.020386
0.020413
0.020441
0.020392
0.020363
0.020544
0.020298
0.020415
0.020385
0.020562
0.020383
0.02048
0.020411
0.020416
0.020393
0.020406
0.020373
0.020481
0.020411
0.020503
0.020386
0.02029
0.020319
0.020357
0.020411
0.020291
0.020374
0.020496
0.022529
0.020448
0.02051
0.020539
0.020812
0.020363
0.020389
0.020288
0.020272
0.020785
0.020418
0.02057
0.020406
0.020464
0.020539
0.020622
0.020572
0.020528
0.020903
0.022252
0.020354
0.020262
0.020302
0.020728
0.020277
0.020247
0.02049
0.02043
0.020347
0.020317
0.020829
0.020293
0.020321
0.02037
0.020379
0.020401
0.020829
0.020383
0.020372
0.020362
0.02039
0.020413
0.020909
0.020362
0.020272
0.020184
0.020299
0.022326
0.020951
0.020887
0.02082
0.020862
0.021331
0.020853
0.02128
0.021078
0.020893
0.021289
0.021177
0.021097
0.020971
0.02104
0.021325
0.02091
0.020992
0.021065
0.021016
0.020979
0.021106
0.021057
0.020957
0.023094
0.020938
0.020913
0.021032
0.021449
0.020959
0.020925
0.020999
0.021067
0.020949
0.020993
0.021044
0.02089
0.020808
0.02087
0.0209
0.020973
0.02097
0.021195
0.020857
0.020858
0.020967
0.021322
0.021026
0.021068
0.020988
0.020939
0.020883
0.021327
0.021097
0.021072
0.021007
0.021368
0.021088
0.021122
0.020912
0.020941
0.021363
0.020845
0.020842
0.020849
0.021107
0.020862
0.020814
0.020981
0.021186
0.02085
0.02088
0.02128
0.020883
0.021183
0.021071
0.021182
0.021471
0.021309
0.023386
0.021079
0.023494
0.021085
0.020951
0.02095
0.020811
0.021187
0.020891
0.020937
0.02097
0.020887
0.020853
0.020858
0.020917
0.020871
0.02131
0.020872
0.022292
0.020876
0.020944
0.022269
0.021155
0.021461
0.021257
0.021168
0.021078
0.021671
0.021017
0.021181
0.021492
0.021005
0.022904
0.021436
0.020983
0.021176
0.020933
0.021169
0.020944
0.021309
0.02087
0.02103
0.021008
0.021099
0.021522
0.020947
0.020971
0.021409
0.020965
0.020985
0.021009
0.021483
0.020939
0.020987
0.021364
0.02096
0.021067
0.021113
0.021512
0.021319
0.020856
0.02084
0.020973
0.02095
0.020886
0.020945
0.020894
0.020856
0.020849
0.020882
0.021212
0.020995
0.021199
0.020962
0.020953
0.020971
0.021577
0.021019
0.020884
0.02084
0.020867
0.020821
0.020863
0.0209
0.02101
0.020994
0.021053
0.020998
0.021059
0.02107
0.021019
0.021004
0.02099
0.020932
0.020992
0.021111
0.02104
0.02103
0.020929
0.020973
0.021018
0.021015
0.021034
0.021008
0.021008
0.02091
0.020996
0.020945
0.021062
0.020966
0.021336
0.021022
0.021062
0.021051
0.020983
0.020955
0.021312
0.020994
0.021016
0.020977
0.022853
0.021883
0.020938
0.021343
0.021064
0.023138
0.021472
0.02133
0.020979
0.020928
0.020976
0.02095
0.021401
0.020976
0.021012
0.02098
0.02149
0.02094
0.020998
0.020969
0.020967
0.021391
0.021115
0.020921
0.020934
0.020831
0.021277
0.020798
0.020825
0.020853
0.021078
0.020987
0.020858
0.02086
0.021223
0.020856
0.020916
0.020785
0.020848
0.020882
0.020857
0.020896
0.020883
0.020819
0.020963
0.020787
0.021103
0.023098
0.021161
0.021174
0.021018
0.020888
0.021233
0.020789
0.020865
0.020871
0.020934
0.020918
0.020951
0.02096
0.020995
0.020932
0.020908
0.020958
0.02096
0.021125
0.020887
0.020884
0.020942
0.021022
0.020994
0.020984
0.021017
0.020954
0.020973
0.021005
0.022269
0.022414
0.021161
0.021186
0.02291
0.020991
0.021054
0.021049
0.020987
0.021065
0.020974
0.020985
0.020887
0.020948
0.020999
0.02095
0.023093
0.020947
0.023197
0.020985
0.020972
0.020999
0.02102
0.021015
0.02102
0.020451
0.020501
0.020474
0.020335
0.0205
0.020356
0.020473
0.020779
0.020862
0.020326
0.020452
0.020369
0.02047
0.02045
0.020869
0.02043
0.020518
0.020378
0.020409
0.020373
0.020322
0.020432
0.020845
0.020387
0.020319
0.020278
0.020239
0.020387
0.02032
0.020335
0.020445
0.020388
0.020361
0.020455
0.020319
0.020423
0.020399
0.020276
0.020491
0.020374
0.020407
0.020475
0.020614
0.020382
0.02031
0.020405
0.020372
0.02036
0.020775
0.020569
0.020328
0.020374
0.020448
0.020356
0.020325
0.020393
0.020496
0.020414
0.020414
0.020373
0.020473
0.020441
0.020361
0.020402
0.020365
0.020482
0.020397
0.020431
0.020392
0.02053
0.020355
0.020335
0.020297
0.021833
0.020457
0.020391
0.02034
0.020427
0.02041
0.020323
0.02053
0.020327
0.020299
0.02042
0.020368
0.020324
0.020567
0.020357
0.020396
0.020526
0.020353
0.020367
0.020372
0.021136
0.021517
0.020269
0.020288
0.020373
0.020375
0.020331
0.020372
0.020413
0.02035
0.020389
0.020319
0.02034
0.020351
0.022266
0.020489
0.020348
0.020377
0.020315
0.020338
0.020412
0.020485
0.020421
0.020321
0.020305
0.020297
0.020281
0.020299
0.020265
0.020293
0.020263
0.0203
0.022212
0.020335
0.020463
0.02026
0.020215
0.020258
0.021759
0.020239
0.020418
0.020288
0.020218
0.020269
0.022698
0.0205
0.02063
0.020607
0.020583
0.020466
0.020535
0.020481
0.020476
0.020462
0.020422
0.020453
0.020513
0.020423
0.02049
0.020495
0.020383
0.020446
0.020352
0.022555
0.02039
0.020517
0.020375
0.020354
0.020379
0.020452
0.020468
0.020424
0.020431
0.020369
0.020403
0.020397
0.02045
0.020365
0.020472
0.020433
0.020405
0.020321
0.020389
0.02027
0.020375
0.020339
0.020376
0.020416
0.020334
0.020563
0.020482
0.020489
0.020371
0.02041
0.020393
0.020369
0.021609
0.020389
0.020354
0.020312
0.020331
0.020351
0.020357
0.020287
0.020257
0.020233
0.020291
0.020283
0.020276
0.020275
0.020324
0.020235
0.020303
0.020284
0.020326
0.022187
0.020455
0.020769
0.020872
0.020392
0.020566
0.020424
0.021903
0.020486
0.020381
0.020403
0.020392
0.020461
0.020357
0.020358
0.02036
0.020328
0.020428
0.020524
0.020501
0.020431
0.020517
0.020455
0.02065
0.020398
0.020487
0.020682
0.02027
0.02033
0.020821
0.02035
0.020299
0.020745
0.020361
0.020382
0.022763
0.02031
0.020467
0.020389
0.020756
0.020537
0.020484
0.020438
0.020864
0.020477
0.020399
0.020424
0.020964
0.020406
0.020415
0.02041
0.020902
0.020603
0.020324
0.020743
0.020346
0.020415
0.020878
0.020443
0.020506
0.020861
0.020429
0.020557
0.020419
0.020447
0.020463
0.020318
0.02046
0.02044
0.020455
0.020353
0.020506
0.020454
0.020398
0.020411
0.020345
0.020306
0.020364
0.020381
0.020676
0.022647
0.020541
0.020394
0.020333
0.020323
0.020273
0.020232
0.020327
0.020292
0.020446
0.020449
0.020392
0.020301
0.020286
0.020518
0.020431
0.020418
0.020337
0.02036
0.020348
0.02037
0.020433
0.02038
0.020354
0.02032
0.020324
0.020965
0.020336
0.020289
0.02041
0.020465
0.020541
0.020565
0.020693
0.020358
0.020471
0.020492
0.020585
0.020456
0.020523
0.020463
0.020337
0.020401
0.020411
0.020483
0.023
0.020305
0.020396
0.020408
0.020381
0.020955
0.020488
0.020365
0.020416
0.020524
0.020898
0.022128
0.020495
0.020475
0.020425
0.020417
0.020456
0.020827
0.020491
0.020381
0.020456
0.020842
0.020522
0.020391
0.020431
0.020726
0.020398
0.020832
0.020423
0.020501
0.020431
0.02034
0.022901
0.020394
0.020441
0.020356
0.020835
0.02049
0.020403
0.020462
0.020492
0.020407
0.020405
0.020991
0.020336
0.020405
0.02039
0.020363
0.020356
0.02093
0.02041
0.020347
0.020443
0.020597
0.020652
0.020246
0.020283
0.020202
0.020716
0.020325
0.020745
0.020424
0.020559
0.02221
0.020462
0.020534
0.020598
0.020475
0.020466
0.020499
0.020428
0.020411
0.020537
0.020464
0.020548
0.020485
0.020461
0.020312
0.020403
0.020576
0.020421
0.020388
0.020443
0.020445
0.020444
0.020483
0.020412
0.020475
0.020381
0.020389
0.020422
0.02041
0.020497
0.022601
0.020643
0.020419
