1.160824
1.001024
1.147558
1.535728
1.123812
1.065161
1.121276
0.952922
0.74471
0.968624
1.257044
1.323756
1.731376
0.566395
1.007618
1.206688
1.270544
1.406262
1.084418
1.563671
1.009657
0.791984
0.833596
0.6588
1.287053
1.019137
0.815738
0.786092
0.611139
1.310732
0.929061
1.046364
0.79387
0.966821
0.739453
1.236381
0.963885
0.851807
0.929267
0.750225
0.772746
0.822501
1.745097
1.004349
0.724058
1.443653
1.007247
0.973593
0.963329
1.143027
1.335773
0.816893
1.329272
1.159823
1.041013
1.01451
1.143783
1.11211
0.637783
0.873642
0.913343
0.681694
1.327678
1.046251
1.000774
0.90261
0.614938
1.114133
1.062051
0.948743
1.319772
0.915906
1.242277
1.019469
1.109509
1.299174
1.072296
1.302211
0.769485
1.103065
1.198872
0.890238
1.777363
0.723315
1.017571
0.986
0.851867
1.827028
0.89346
0.7551
1.555321
0.924017
1.079128
0.877331
1.065841
0.946273
1.226817
1.05308
1.132795
1.875784
1.075053
1.448472
1.164531
1.016704
0.803836
0.973015
1.065025
1.110066
0.857987
1.404951
1.481132
1.075882
1.243549
1.057858
0.644494
1.21714
0.884837
0.783421
0.961749
0.524492
1.095252
0.744079
0.697844
1.105029
0.893046
1.618194
1.033648
1.835852
0.889167
1.220982
1.387117
0.949755
1.228632
0.886474
0.842105
0.716299
0.672583
0.938446
1.402795
0.649626
1.110546
0.65235
0.801761
1.265717
0.96173
1.398696
0.544929
1.01594
1.028433
0.529633
0.620172
1.101783
0.700722
0.75706
0.351647
0.626901
0.808746
0.604006
0.842786
0.666383
0.550274
0.599403
0.715221
0.423649
0.807768
1.104049
0.576377
1.06859
0.844929
0.508147
0.851434
0.545261
0.435026
0.651508
1.034168
0.546647
0.936478
0.884141
0.816895
0.555165
1.110502
0.421547
0.583182
1.242685
1.070545
1.068194
0.592051
0.797987
1.00524
0.813264
1.147905
0.98552
0.796743
0.632685
0.482145
0.827845
1.750714
0.808582
0.768802
0.726578
