0.089968334
0.093293457
0.089326031
0.085780802
0.08334001
0.089398512
0.087244295
0.084647272
0.080819117
0.084438238
0.08312867
0.076644929
0.082820399
0.080805132
0.084754829
0.080949457
0.077935646
0.074267371
0.074126244
0.074532024
0.076516377
0.074394001
0.079794041
0.078592543
0.075870361
0.070113728
0.075789076
0.084731528
0.086423003
0.079163128
0.078915724
0.079334241
0.07649471
0.076696352
0.076258474
0.081425479
0.07302686
0.083416518
0.0823252
0.080642399
0.078032063
0.079595115
0.085156027
0.182516841
0.177697437
0.178072812
0.175886913
0.182800019
0.181750495
0.180635305
0.180757738
0.182894995
0.177297346
0.176701124
0.167397439
0.174960076
0.163514909
0.173675885
0.169873748
0.173198581
0.172548852
0.167267953
0.162757141
0.168754265
0.156775089
0.165694436
0.161900679
0.156674185
0.156088781
0.154093868
0.15374553
0.154570562
0.148713986
0.143927865
0.141538341
0.15292939
0.14197593
0.138826241
0.137723401
0.137081321
0.133469785
0.131287471
0.12469643
0.135291985
0.130585997
0.129699102
0.127421968
0.126601512
0.123081021
0.119913123
0.117329765
0.119461293
0.111103764
0.10929414
0.111709169
0.11370261
0.105511749
0.102606168
0.101075469
0.099654536
0.096550897
0.106185315
0.098974597
0.104193954
0.099281172
0.096890367
0.096761625
0.093334579
0.096764825
0.093129288
0.097262671
0.094367971
0.098336195
0.092158776
0.093657056
0.096805305
0.0956328
0.098526636
0.098896798
0.097270125
0.099769894
0.101771528
0.09630051
0.096359201
0.098788375
0.099874348
0.09959539
0.107846957
0.105817449
0.106299552
0.100642222
0.098738226
0.09883455
0.09589412
0.097282859
0.099446709
0.095362509
0.098084816
0.09845181
0.097159748
0.098918105
0.094928247
0.097536918
0.094720877
0.096414143
0.093993576
0.091102524
0.094299478
0.094074988
0.096652968
0.10288287
0.096071276
0.101021083
0.098563204
0.099946214
0.097005431
0.09943918
0.094650341
0.100305911
0.099368105
0.097827679
0.098351416
0.097805054
0.097823516
0.099185598
0.10224485
0.100567905
0.096221455
0.100556289
0.107052475
0.110877076
0.1041051
0.097015955
0.096979921
0.10472932
0.109817822
0.105943874
0.111711545
0.11469361
0.107146429
0.108686981
0.116077866
0.11620776
0.114394073
0.11459757
0.135628058
0.120973206
0.122650663
0.117784697
0.120492956
0.127613429
0.130277397
0.12939905
0.141025052
0.130237522
0.140004167
0.122832394
0.129287362
0.129606129
0.133928194
0.133609778
0.136252721
0.137450248
0.134145929
0.142128074
0.139108281
0.138418008
0.13777196
0.158490525
0.135503239
0.13620497
0.140425909
0.142373619
0.149446088
0.141716113
0.145632429
0.14409341
0.149579115
0.150468438
0.141586922
0.151817622
0.145823794
0.144310409
0.139017354
0.138536084
0.140145505
0.141685707
0.140566098
0.142334567
0.138580594
0.142208737
0.143719849
0.138693335
0.135379159
0.136221085
0.171638086
0.13356499
0.131873612
0.12645764
0.11944399
0.119068001
0.119028319
0.141726243
0.120865399
0.111457619
0.10720039
0.134977758
0.120414497
0.124000427
0.119835459
0.111687451
0.107292136
0.10851853
0.110020875
0.107502866
0.10698204
0.107833792
0.111437612
0.106073803
0.103054426
0.103900546
0.10497983
0.10035116
0.103697945
0.101648947
0.100469306
0.104784426
0.097357285
0.096425337
0.094217103
0.097724471
0.09328349
0.091972995
0.101943391
0.09891099
0.097345027
0.094298928
0.101154233
0.098268143
0.095727413
0.09741111
0.093220189
0.093012145
0.096770468
0.094622334
0.098368561
0.0959279
0.093083764
0.096736771
0.095951997
0.099210202
0.096520695
0.098265226
0.093339838
0.093274363
0.092781379
0.09085623
0.097254138
0.095381856
0.096833669
0.090485299
0.092446161
0.093226583
0.090534645
0.094340652
0.094168644
0.098709181
0.097591336
0.09903006
0.101247382
0.112018296
0.093451135
0.093957399
0.09793439
0.094933158
0.096410637
0.097838033
0.095973879
0.103194449
0.117507837
0.096664886
0.093587427
0.090629941
0.094952516
0.101062441
0.093336631
0.093625605
0.093859439
0.097523358
0.097976435
0.088702392
0.093276562
0.092215296
0.089710408
0.093096905
0.086328485
0.091468123
0.090681715
0.087662372
0.086774297
0.085707846
0.085748647
0.089480379
0.094453
0.09465813
0.092480778
0.094997409
0.089860075
0.09043895
0.087415413
0.089252845
0.09283516
0.08701949
0.087927566
0.090661041
0.084053237
0.086135735
0.085757125
0.083706018
0.081517241
0.0892555
0.082344065
0.081290351
0.07992795
0.083497816
0.080265182
0.081697953
0.076930781
0.081229482
0.085182503
0.089640667
0.082259899
0.079533048
0.080516744
0.081299118
0.076237339
0.08001144
0.081389039
0.080437859
0.078756018
0.077988237
0.080797396
0.081167173
0.070887226
0.072264124
0.077269163
0.07371693
0.082617547
0.083374796
0.074778642
0.081168228
0.078107249
0.073966699
0.077198662
0.081358573
0.07963705
0.07862993
0.072127252
0.076305115
0.07637702
0.081479312
0.076120464
0.075333611
0.078691851
0.082971127
0.082282486
0.085600437
0.083895844
0.080941014
0.086624805
0.086262773
0.095395345
0.081964051
0.093755815
0.090031615
0.088195244
0.082344708
0.08442317
0.079074544
0.085892484
0.07523245
0.086683367
0.085846273
0.087774743
0.083373874
0.083343248
0.078798371
0.082736405
0.085745564
0.092999876
0.094266972
0.090825504
0.092268353
0.092653395
0.096236147
0.099891737
0.10071667
0.102565873
0.098908749
0.097411336
0.09711385
0.096826636
0.104616268
0.097957696
0.097370853
0.100592439
0.100594263
0.10404165
5.537095812
0.051894974
0.052129385
0.055081357
0.053442435
0.057312082
0.053685038
0.054831426
0.055566402
0.054808832
0.063805108
0.103135293
0.09075128
0.090466915
0.087455836
0.086535858
0.081507089
0.078802871
0.083849657
0.088335362
0.081443244
0.080299992
0.083425797
0.084944809
0.081867711
0.083787541
0.091889921
0.101781054
0.097037576
0.092927854
0.087276401
0.090147057
0.089064833
0.090639624
0.089915719
0.090827952
0.091108637
0.087340019
0.088636077
0.086472619
0.089084704
0.085504191
0.091930016
0.087467352
0.082764004
0.088548168
0.087783494
0.093824245
0.085856525
0.088851381
0.095518943
0.098584233
0.11023746
0.118971292
0.113702479
0.105738954
0.104413454
9.854092436
6.32444873
0.116825914
0.096588404
0.104608505
0.098559916
0.093004916
0.098084342
0.098958845
0.10232485
0.098633614
0.101638803
0.097651394
0.105927507
0.108011279
0.109132258
0.108541031
0.113210741
0.109490352
0.107834054
0.10833606
0.10523509
0.109161153
0.10953301
0.107957387
0.104944899
0.10747266
0.109667478
0.107290444
0.111129815
0.113914611
0.116170487
0.116189528
0.116183767
0.114038134
0.12987916
0.125241834
0.134452356
0.136009193
0.132408681
0.123968848
0.132588398
0.129738863
0.131464157
0.130909156
0.127609041
0.123259535
0.132065205
0.132674544
0.134625479
0.132044788
0.146000706
0.148299048
0.142366719
0.140978239
0.14412734
0.146513206
0.1432625
0.143322536
0.144429625
0.144913484
0.138039994
0.141978761
0.145045138
0.134208368
0.132896566
0.130176796
0.123180387
0.125281569
0.125550381
0.123975015
0.126122822
0.123115296
0.128926914
0.129217742
0.127853361
0.125399332
0.122233079
0.118491601
0.118836768
0.121691743
0.127233844
0.112617803
0.119877549
0.104787887
0.1058079
0.112652843
0.111485144
0.109694281
0.11277176
0.107146901
0.118810108
0.115190299
0.111963051
0.10930815
0.11129723
0.111604283
0.112706443
0.112354203
0.11935493
0.11205019
0.114887115
0.110244702
0.106549145
0.113238914
0.109315506
0.112671623
0.112851791
0.105818199
0.116233606
0.106295468
0.107241494
0.119575865
0.113565933
0.112154094
0.106657915
0.104638977
0.104370197
0.103452621
0.100340611
0.100990527
0.101501716
0.104902955
0.101997035
0.097546021
0.098740698
0.100070709
0.099366582
0.090667924
0.094429179
0.089100013
0.095325473
0.09457408
0.095270079
0.090832186
0.126453413
0.090857403
0.088290186
0.088490098
0.087010191
0.089533183
0.090778998
0.086818182
0.088366476
0.087465667
0.093299301
0.090128442
0.087126484
0.089422362
0.093701014
0.094241038
0.094817383
0.09400394
0.095884567
0.092780909
0.093817051
0.093017816
0.089306676
0.092093517
0.117115169
0.087947605
0.092466237
0.090043858
0.093495116
0.09554823
0.097428698
0.090333824
0.095715052
0.087776941
0.095860274
0.093591599
0.116039343
0.091699034
0.087700234
0.090099284
0.091579989
0.090621546
0.093340674
0.091531313
0.092529789
0.097259663
0.089370898
0.091427885
0.088030743
0.105621345
0.08924366
0.092096137
0.09335392
0.099999879
0.096782264
0.116027179
0.098896438
0.099502449
0.096144732
0.09663189
0.092512538
0.096172924
0.093155191
0.089627674
0.097419379
0.093011888
0.092120776
0.088376003
0.095496446
0.093092146
0.093602313
0.104393254
0.097196264
0.09330822
0.096983966
0.101190968
0.104330051
0.096587821
0.112113561
0.094192897
0.096747347
0.096086901
0.094000441
0.096349473
0.118004158
0.094111198
0.094071228
0.093487169
0.098045641
0.097155554
0.120568812
0.091356035
0.098737097
0.097171651
0.103071976
0.099730036
0.093558563
0.099184667
0.093385467
0.094852476
0.098771657
0.124497688
0.102432906
0.097959525
0.108348142
0.110872445
0.111039717
0.103625725
0.106574528
0.111091751
0.12540291
0.100452945
0.098862249
0.107313855
0.109568993
0.103277132
0.104659049
0.104261143
0.107309278
0.101757801
0.106098952
0.106450359
0.097712277
0.099136852
0.121395593
0.100046652
0.100218179
0.103224872
0.136939735
0.103321131
0.104190385
0.098217994
0.100117438
0.104765546
0.100213857
0.099315483
0.105165405
0.106786786
0.11704615
0.10138594
0.099844592
0.104699686
0.09616731
0.096962609
0.097908251
0.104506781
0.107040588
0.113889145
0.108049496
0.112895181
0.104175629
0.103959588
0.104707589
0.104220975
0.096424278
0.093259531
0.097755249
0.100760309
0.102684681
0.10231913
0.100644496
0.093052546
0.09398513
0.095063129
0.096021091
0.100628686
0.090410156
0.090598676
0.094385179
0.090936452
0.088243148
0.088653887
0.089809265
0.10516994
0.093277353
0.091664161
0.095894684
0.083722149
0.085813728
0.083639745
0.085226662
0.083427736
0.08761035
0.092957562
0.084144917
0.087178875
0.082892511
0.076517734
0.081544643
0.077843713
0.078459131
0.087081239
0.087206332
0.084312603
0.093584147
0.084552103
0.082595792
0.075822695
0.085411564
0.074968161
0.084880372
0.085659799
0.081033771
0.087319711
0.081307223
0.088270217
0.087251932
0.089477406
0.082483882
0.07796458
0.080455345
0.085600275
0.093664725
0.081207985
0.081898831
0.087678189
0.08770123
0.08724633
0.085723319
0.093295363
0.089360471
0.0926506
0.090807766
0.090664175
0.094968459
0.095212759
0.099739966
0.101969407
0.104721944
0.108960467
0.118217897
0.111446238
0.110761088
0.109497417
0.109923291
0.110947208
0.105130729
0.099103328
0.091037982
0.100578208
0.109815093
0.098656331
0.103716617
0.10446129
0.10661908
0.107732025
0.110870339
0.117112341
0.115922111
0.121949544
0.130060331
0.105073635
0.121634393
0.120161305
0.121437553
0.118403306
0.11679178
0.113994537
0.10393272
0.102972454
0.09580129
0.103818666
0.104191451
0.102755835
0.102067228
0.104227323
0.106642692
0.112955385
0.112074483
0.111575292
0.108752801
0.112104532
0.116565718
0.115947898
0.118934366
0.122071783
0.124065535
0.132387499
0.133512221
0.129285858
0.130605628
0.147341913
0.146437746
0.147576932
0.15302357
0.143909857
0.14614109
0.14303289
0.151691829
0.156099991
0.153539782
0.14523849
0.136990959
0.147733382
0.145225496
0.151495467
0.13827348
0.139289811
0.141981287
0.13363593
0.148940953
0.137828146
0.141621624
0.135951168
0.137135154
0.146085402
0.138809626
0.13897837
0.116376293
0.133026717
0.133142019
0.138081272
0.128396721
0.124452357
0.09564668
0.073248868
0.136470066
0.074483642
0.07685037
0.16180218
0.112845255
0.101998509
0.104433975
0.099694536
0.098349741
0.090640764
0.089810264
0.072888115
0.058496061
0.059185372
0.05988409
0.061881041
0.060112932
0.059548044
0.06769688
0.063126376
0.061911699
0.058609955
0.058676166
0.059350562
0.061786829
0.064572775
0.062091514
0.064226167
0.063668383
0.062712372
0.137369364
0.066572446
0.065328167
0.063775363
0.069061738
0.064167252
0.064407487
0.067300572
0.064239542
0.06460535
0.067533094
0.065307141
0.072027754
0.065150014
0.067797714
0.070608525
0.069411449
0.069010087
0.070699025
0.067202967
0.065034937
0.069093194
0.069349397
0.070795988
0.066962668
0.07249427
0.063478613
0.0664013
0.066211212
0.070012113
0.064995991
0.064939763
0.066032995
0.067835953
0.07366552
0.066217835
0.06822029
0.071673466
0.072520159
0.071598422
0.068511247
0.075881649
0.072806027
0.065097338
0.066668093
0.071574676
0.07053527
0.068301061
0.067843217
0.072692548
0.073770451
0.068525583
0.066589882
0.065273217
0.071475792
0.069773668
0.071279781
0.06605549
0.067962133
0.070951384
0.066861925
0.073712016
0.070289786
0.066776513
0.067686025
0.073171865
0.066027777
0.059450689
0.065402852
0.067003882
0.072016581
0.068942399
0.071395626
0.062657197
0.07158005
0.06675824
0.06448614
0.070886708
0.074246407
0.063937731
0.056642758
0.058588474
0.054114647
0.062778737
0.068032503
0.062934232
0.065768468
0.062626891
0.06519289
0.065283263
0.071728375
0.067761771
0.066843297
0.064656706
0.07147614
0.071280482
0.071842747
0.079135833
0.0665341
0.064413559
0.070146194
0.07405654
0.064247344
0.063568275
0.066674553
0.066906979
0.072212139
0.077134593
0.071161053
0.069412177
0.06917383
0.072552601
0.068468391
0.081245876
0.073847537
0.065540296
0.066189891
0.069623384
0.065995739
0.075112584
0.070275765
0.067212015
0.081163952
0.074786074
0.071890331
0.066583445
0.078241839
0.072669053
0.067502299
0.066931874
0.067624192
0.065928887
0.075254925
0.073505153
0.072446035
0.071091959
0.06816588
0.070346423
0.074038231
0.069601046
0.071820951
0.068504869
0.066917409
0.073520352
0.066777211
0.070711846
0.0731396
0.073550274
0.067878507
0.069578485
0.065771182
0.06669103
0.067187596
0.065664681
0.071336064
0.070277746
0.0700594
0.070257425
0.064190441
0.065374909
0.062752363
0.071105334
0.068223288
0.072845601
0.072088544
0.076267606
0.065651559
0.068187318
0.067294383
0.066240898
0.074252925
0.069541937
0.063617519
0.06663365
0.067492664
0.068227991
0.065817933
0.07333346
0.063430342
0.06627037
0.068244984
0.072511889
0.072364331
0.073703973
0.068437472
0.06641892
0.06876347
0.068564901
0.06565287
0.066139483
0.073670498
0.076451868
0.062313397
0.072802333
0.070058725
0.077288927
0.067843717
0.069531918
0.073451065
0.075399885
0.067540855
0.082740012
0.071455905
0.064019582
0.068299096
0.068472032
0.068921235
0.067946825
0.075367947
0.083511981
0.069015799
0.065548543
0.073282703
0.069095994
0.077265116
0.074960728
0.067430801
0.078385357
0.075389419
0.06601042
0.082704168
0.070014497
0.069306466
0.078792093
0.07552584
0.066874232
0.069134362
0.068926289
0.066211771
0.072942463
0.067442417
0.07667037
0.074212855
0.070220041
0.073554425
0.069978974
0.066600748
0.073919881
0.068542368
0.075220353
0.068354711
0.071585059
0.076965837
0.073051075
0.073453716
0.06790826
0.07341077
0.068609313
0.069246141
0.072159676
0.066270076
0.066007632
0.070903653
0.073587705
0.072121594
0.06445755
0.075846076
0.065604671
0.07872812
0.070333803
0.069837046
0.080969497
0.069820918
0.072857337
0.075925598
0.069647661
0.06776054
0.084235815
0.072077495
0.067470702
0.064210081
0.062744897
0.068150764
0.070547635
0.07526064
0.06770716
0.074656805
0.063553412
0.076531447
0.06574858
0.068748421
0.068175979
0.06227038
0.065583964
0.082505209
0.077193555
0.063556451
0.072996157
0.149537107
0.122430684
0.174588304
0.139080844
0.12730027
0.173612325
0.076115395
0.072757041
0.080432606
0.068160362
0.082959755
0.071367925
0.068601148
0.074027399
0.07461552
0.073870465
0.065977194
0.074509052
0.075376865
0.073276487
0.073036444
0.070925249
0.075016401
0.073909505
0.073218659
0.080061804
0.077867533
0.085246284
0.076725243
0.069086961
0.068816932
0.074429943
0.071421813
0.076224389
0.083251285
0.070316965
0.067335844
0.077398903
0.068200169
0.084808856
0.070322021
0.082666459
0.080343543
0.066703177
0.073394409
0.074696162
0.069806382
0.073720247
0.074334002
0.078798962
0.067611086
0.068240618
0.074547706
0.080306068
0.069568899
0.076280837
0.079843199
0.080153772
0.078009263
0.07345201
0.082579989
0.084385475
0.069412956
0.087617679
0.078144693
0.07473549
0.0736853
0.0789734
0.074878471
0.071605754
0.071157798
0.082868161
0.076145694
0.078071249
0.077339313
0.074222698
0.072245941
0.07683273
0.077856935
0.078217238
0.074679037
0.073853241
0.073517803
0.070022292
0.076319844
0.075022188
0.072191314
0.07295781
0.069141709
0.079449514
0.072531968
0.071440144
0.072650725
0.070826293
0.074145669
0.062950369
0.07374514
0.069087755
0.075892401
0.07606028
0.067430242
0.070123158
0.078205652
0.074791488
0.07510235
0.086071112
0.069943919
0.067785521
0.064974232
0.071949958
0.075428828
0.069672995
0.069833257
0.064967479
0.069207214
0.072247537
0.071006715
0.078719624
0.075044714
0.077638106
0.077203559
0.066130185
0.070691246
0.068196481
0.069489305
0.077208935
0.077779007
0.065984226
0.075240914
0.073200793
0.083537592
0.075588801
0.074301864
0.075235889
0.085308612
0.079770676
0.070415488
0.078102348
0.080245033
0.075484027
0.081386394
0.072854282
0.074251717
0.075434328
0.080859651
0.076203129
0.080407086
0.075610207
0.081200529
0.072122633
0.079765779
0.073385023
0.07267056
0.084342456
0.07208884
0.071792282
0.076793425
0.077553202
0.080715482
0.074823964
0.068900253
0.084000968
0.069746209
0.084438939
0.073671786
0.073194486
0.067606245
0.074020057
0.074684757
0.073119794
0.072276813
0.078941005
0.085438917
0.070632038
0.07127325
0.076628937
0.085323552
0.071972704
0.073486081
0.076209654
0.070164434
0.078871241
0.075636317
0.073558211
0.077782554
0.073784814
0.071186173
0.078818759
0.074749143
0.079034832
0.073548098
0.077277059
0.081028036
0.072464371
0.072042657
0.086555827
0.070001577
0.074382502
0.074593647
0.073738635
0.071739892
0.086099486
0.076094895
0.07872784
0.072811266
0.081645247
0.077746806
0.069232712
0.073216339
0.077102138
0.073720104
0.068530505
0.077361892
0.076057133
0.073942769
0.077529547
0.075656411
0.077511019
0.088804465
0.068289022
0.071375234
0.069254056
0.079272278
0.072681178
0.076093004
0.078063522
0.076841965
0.070001894
0.069315881
0.067287218
0.061623422
0.067415543
0.064056519
0.065382015
0.072593334
0.068892822
0.06835731
0.070320787
0.061908169
0.071402082
0.074867639
0.078015263
0.067626751
0.061512024
0.073991665
0.069430509
0.06439746
0.065240951
0.067155402
0.075910531
0.066207521
0.069133887
0.063825979
0.063502348
0.065311867
0.063475628
0.062198549
0.067351795
0.064895593
0.073307762
0.063152989
0.071285083
0.067886377
0.069170847
0.065328827
0.068317371
0.08959403
0.07019998
0.074721198
0.077946874
0.08075253
0.068220502
0.065865137
0.073680417
0.074345213
0.080382881
0.0664987
0.074295739
0.069275172
0.071090738
0.075522608
0.070294287
0.065503809
0.064260171
0.076307153
0.070914185
0.078427532
0.072171135
0.068974517
0.081516433
0.068763436
0.064290924
0.071989239
0.066959487
0.07381114
0.068697993
0.064378287
0.069951359
0.06909353
0.075938016
0.074686538
0.065342777
0.065307543
0.070266444
0.067399345
0.075755352
0.07331099
0.079022628
0.070610522
0.074866033
0.073897703
0.07693777
0.071701544
0.073188329
0.071234292
0.071713737
0.065581345
0.077051214
0.073601753
0.07173313
0.071931474
0.077992215
0.075977536
0.080508002
0.070312397
0.070323437
0.069846136
0.065464604
0.076779106
0.07010333
0.065612322
0.077942515
0.068357239
0.075338083
0.068635683
0.081439497
0.076888486
0.076113636
0.076242026
0.072677392
0.07356735
0.07999281
0.078781334
0.074868302
0.073997928
0.077660582
0.07896915
0.072609133
0.076390479
0.07207711
0.068935632
0.076362669
0.074483196
0.075006483
0.072371489
0.071883789
0.074505597
0.072220795
0.067031389
0.083076973
0.072355873
0.07380752
0.073423534
0.069367552
0.069444355
0.069793906
0.095627142
0.067940419
0.075455429
0.079984807
0.068539613
0.067444302
0.067172545
0.068164813
0.083698854
0.082411758
0.074282385
0.070086686
0.069001679
0.07418571
0.071053991
0.07731378
0.074689923
0.067108734
0.067743097
0.066607529
0.067417642
0.065613854
0.073535057
0.06983621
0.06671598
0.075762417
0.07364079
0.0711883
0.0672753
0.073020219
0.066087985
0.070860926
0.070287269
0.069879731
0.0715807
0.067504269
0.070703191
0.069651401
0.065615868
0.078245817
0.067899838
0.07059717
0.070830268
0.06493059
0.082800252
0.070314565
0.073142718
0.069635976
0.074056261
0.075411039
0.076525103
0.07212901
0.071923689
0.070268867
0.087491172
0.072401694
0.072040365
0.070699412
0.07923453
0.076649844
0.06608107
0.075070735
0.075239031
0.074824646
0.071713344
0.06543381
0.083580795
0.080865255
0.069670055
0.07462582
0.0895647
0.075137522
0.065271435
0.069838158
0.077230699
0.068209736
0.065483828
0.067513098
0.092253485
0.072383003
0.066132783
0.066546145
0.06783228
0.071707518
0.064693522
0.068687516
0.06452881
0.064785301
0.075479295
0.063736264
0.066916271
0.070402181
0.063120429
0.062670426
0.068176869
0.068241448
0.069044267
0.069010025
0.065267498
0.068014399
0.063615682
0.064454406
0.061625133
0.071501203
0.06502803
0.064287871
0.063104395
0.065184293
0.062274664
0.068252712
0.06454545
0.079095128
0.068896835
0.074949031
0.073077141
0.065445295
0.066306196
0.070875927
0.072891598
0.068135426
0.068223558
0.068043422
0.067803892
0.07592952
0.065817439
0.070919832
0.061672909
0.075921454
0.069255985
0.066469818
0.067865206
0.061446115
0.065471344
0.070956857
0.071419246
0.069477147
0.066663682
0.065616277
0.07159874
0.063509467
0.067213401
0.071629366
0.067193304
0.071961988
0.06082308
0.062929954
0.075535709
0.069683106
0.062067485
0.073518886
0.075403222
0.074606804
0.072012901
0.067309788
0.063202509
0.064954167
0.066363059
0.065679703
0.066200045
0.06409493
0.071216259
0.061560519
0.071041307
0.063627262
0.061272186
0.068215554
0.066017796
0.063820486
0.067279674
0.066621534
0.068573234
0.069180043
0.06418415
0.065349
0.067730861
0.068096957
0.068239042
0.065825051
0.063851655
0.063822309
0.065289892
0.062362887
0.064431839
0.066288655
0.070835889
0.080965858
0.100239
0.091813552
0.107689781
0.107007512
0.094100465
0.097791087
0.098635443
0.095154079
0.091872883
0.092766967
0.089439625
0.087068516
0.090236715
0.088142162
0.096578266
0.102440244
0.100926515
0.099090757
0.105999755
0.103177394
0.104193853
0.096515254
0.104044823
0.101572046
0.099523734
0.108011616
0.106227156
0.111008223
0.108075618
0.117677244
0.111532245
0.10868502
0.107464264
0.110484169
0.110800374
0.102480465
0.10491433
0.111651289
0.107195099
0.132230535
0.130749703
0.134909497
0.14899384
0.136788487
0.134809938
0.133729125
0.138798268
0.135912738
0.131788561
0.132701335
0.137047056
0.131754319
0.132305702
0.130557916
0.125267802
0.133886249
0.127286159
0.129790681
0.124211436
0.126140926
0.119985592
0.124397076
0.11756392
0.122208757
0.130869798
0.129137852
0.130714623
0.127909032
0.137346009
0.12365717
0.131501631
0.126911868
0.126412134
0.129062263
0.126641456
0.124750687
0.123891739
0.144244508
0.132945403
0.134517757
0.132057877
0.125921456
0.12292376
0.123465575
0.124889986
0.123034036
0.120695376
0.125414264
0.121664921
0.122496764
0.123127544
0.11813229
0.115234757
0.115236966
0.114495782
0.119110763
0.117617228
0.114762098
0.11843627
0.119647457
0.14264421
0.117833011
0.117593193
0.11164286
0.117305597
0.121306406
0.120365341
0.115737593
0.119468119
0.116000931
0.116969933
0.107323731
0.110980047
0.110279248
0.109767065
0.10333764
0.115154046
0.116069253
0.107703906
0.108107538
0.102641738
0.105547237
0.107087174
0.129682278
0.10154345
0.101845127
0.106490637
0.12649059
0.113207274
0.114666183
0.10866676
0.115132507
0.112247936
0.103752151
0.105859536
0.100903646
0.101203371
0.104551673
0.125153667
0.099573285
0.106072888
0.1040937
0.098920585
0.093428032
0.098834309
0.10108682
0.093988343
0.093339195
0.090783246
0.092393906
0.089204747
0.09049629
0.092213642
0.090749741
0.094508972
0.090052559
0.091637041
0.092549495
0.097394341
0.09956605
0.095798849
0.0955646
0.096151665
0.091874939
0.093015852
0.093597764
0.103484806
0.099921808
0.100972124
0.100367298
0.105320757
0.103025779
0.099396729
0.093716905
0.094174395
0.098206693
0.095488018
0.095701179
0.091436774
0.109932918
3.401744429
6.576561648
0.106205771
0.091159343
0.091116365
0.089520745
0.085451421
0.086597165
0.083122555
0.080239073
0.082531265
0.101562438
0.06533137
0.070188215
0.0666064
0.065249734
0.067179384
0.066610239
0.065885473
0.063873964
0.07158709
0.063468762
0.06847835
0.067774736
0.064883222
0.068519568
0.073696683
0.069154794
0.065328873
0.063781383
0.065991172
0.064007281
0.065146433
0.066337171
0.065775067
0.064216729
0.062688601
0.063809864
0.06905383
0.06778328
0.06496764
0.063209262
0.064535014
0.221350759
0.069562746
0.065927617
0.068053275
0.074588233
0.061056096
0.061899778
0.068054718
0.070610023
0.113912272
0.099168789
0.066461149
0.089669937
0.066772489
0.062552893
0.067030804
0.060770004
0.063347646
0.061688569
0.063113331
0.064197024
0.065658107
0.065943495
0.061975685
0.062492441
0.064344965
0.064483275
0.06363812
0.061791934
0.060920218
0.065787744
0.069513881
0.064772119
0.063394494
0.067552168
0.067230427
0.068501807
0.170856613
0.08612435
0.253753759
0.373569852
0.121548037
0.089381763
0.089212412
0.167392373
0.068747064
0.121820048
0.105001504
0.094717532
0.090993764
0.093619311
0.092845296
0.09505697
0.092799726
0.096218137
0.09295058
0.092756395
0.097073179
0.091633885
0.094101122
0.103486465
0.104634288
0.100469766
0.112555155
0.115516011
0.112107616
0.110854637
0.111795987
0.105547861
0.104706674
0.105573621
0.107059634
0.10710002
0.106742532
0.111307871
0.107610951
0.102105639
0.11143226
0.123967139
0.124947723
0.12558026
0.126676336
0.123076062
0.132499966
0.130713877
0.126720754
0.121200337
0.122839987
0.111283131
0.11561374
0.11871809
0.117711426
0.110555453
0.108465384
0.130295299
0.107688392
0.11107701
0.111380671
0.1080013
0.111430816
0.106291727
0.111546117
0.102044162
0.104961112
0.107299767
0.10805711
0.108814997
0.106801507
0.107972274
0.11129449
0.10903139
0.102627737
0.10768135
0.101891034
0.123402054
0.100595556
0.103348469
0.110496376
0.107108174
0.109784443
0.145880729
0.086825298
0.094357254
0.09641737
0.097522854
0.092131146
0.101476136
0.098210563
0.097660556
0.09697128
0.095784959
0.097639242
0.149415464
0.092997965
0.09781685
0.099748
0.164683638
0.106196774
0.095666329
0.099315758
0.098098332
0.102938785
0.101724816
0.100065324
0.09656499
0.100776777
0.102997475
0.105404901
0.116169019
